capas,neuronas,iteraciones,eta,error_train,desv_train,error_test,desv_test
1,6,5000,0,0,1,0.264893,0.129033,0.265124,0.128485
1,6,5000,0.1,0,1,0.000436829,5.14837e-05,0.000518524,4.48242e-05
1,6,5000,0.2,0,1,0.000384788,4.46319e-05,0.000479375,7.2814e-05
1,6,5000,0.3,0,1,0.00035288,2.07695e-05,0.000436326,3.75089e-05
1,6,5000,0.4,0,1,0.000334984,1.54172e-05,0.000413484,2.75948e-05
1,6,5000,0.5,0,1,0.000339586,1.92223e-05,0.000413553,2.60065e-05
1,6,5000,0.6,0,1,0.00034404,3.51052e-05,0.000413976,4.71321e-05
1,6,5000,0.7,0,1,0.000351005,1.88821e-05,0.000427262,3.32632e-05
1,6,5000,0.8,0,1,0.000354903,1.93974e-05,0.000435124,2.80653e-05
1,6,5000,0,0.05,1,0.273726,0.128278,0.265124,0.128485
1,6,5000,0.1,0.05,1,0.0112456,0.00112451,0.0160385,0.000903306
1,6,5000,0.2,0.05,1,0.0112283,0.00108004,0.0161803,0.000745211
1,6,5000,0.3,0.05,1,0.0112107,0.000979801,0.0164047,0.000790609
1,6,5000,0.4,0.05,1,0.0113309,0.000981912,0.0165657,0.000966003
1,6,5000,0.5,0.05,1,0.0112242,0.000944626,0.0165671,0.00104983
1,6,5000,0.6,0.05,1,0.0109844,0.00137642,0.0170927,0.00242258
1,6,5000,0.7,0.05,1,0.0109992,0.00141405,0.0182439,0.00455235
1,6,5000,0.8,0.05,1,0.0113487,0.00102843,0.0164922,0.00104713
1,6,5000,0,0.1,1,0.279287,0.128369,0.265124,0.128485
1,6,5000,0.1,0.1,1,0.0104757,0.00111252,0.0161395,0.000471153
1,6,5000,0.2,0.1,1,0.0104202,0.00109819,0.0162162,0.000512193
1,6,5000,0.3,0.1,1,0.0102468,0.000971339,0.0164382,0.000637768
1,6,5000,0.4,0.1,1,0.0102236,0.000924524,0.0166535,0.000749136
1,6,5000,0.5,0.1,1,0.0102656,0.00105073,0.0167285,0.000871482
1,6,5000,0.6,0.1,1,0.0101008,0.00141543,0.0173443,0.00206589
1,6,5000,0.7,0.1,1,0.0103283,0.00114946,0.0168897,0.000917161
1,6,5000,0.8,0.1,1,0.0102278,0.00100422,0.0168334,0.000682381
1,6,5000,0,0.15,1,0.285138,0.127967,0.265124,0.128485
1,6,5000,0.1,0.15,1,0.00904653,0.00190934,0.0174947,0.00107333
1,6,5000,0.2,0.15,1,0.00900257,0.00196957,0.0175509,0.00107903
1,6,5000,0.3,0.15,1,0.00902124,0.00194396,0.0175479,0.00108779
1,6,5000,0.4,0.15,1,0.00905537,0.00195858,0.0174038,0.00113186
1,6,5000,0.5,0.15,1,0.00901173,0.00190442,0.0174138,0.00116276
1,6,5000,0.6,0.15,1,0.00896326,0.00189101,0.0174499,0.00117134
1,6,5000,0.7,0.15,1,0.00902791,0.00208699,0.0174509,0.00120776
1,6,5000,0.8,0.15,1,0.00902564,0.00213783,0.0174954,0.00120857
1,7,5000,0,0,1,0.245284,0.264433,0.245928,0.264095
1,7,5000,0.1,0,1,0.000396494,4.58884e-05,0.000489151,4.35643e-05
1,7,5000,0.2,0,1,0.000335463,2.93411e-05,0.000433627,3.74882e-05
1,7,5000,0.3,0,1,0.000303668,1.48328e-05,0.000397809,1.35621e-05
1,7,5000,0.4,0,1,0.000291882,9.96015e-06,0.000388526,1.2681e-05
1,7,5000,0.5,0,1,0.000288309,2.28762e-05,0.000386588,2.64698e-05
1,7,5000,0.6,0,1,0.000283202,2.74223e-06,0.000364185,2.11454e-05
1,7,5000,0.7,0,1,0.000283327,8.46055e-06,0.000358644,2.05493e-05
1,7,5000,0.8,0,1,0.000286423,1.45818e-05,0.00035287,2.78826e-05
1,7,5000,0,0.05,1,0.249314,0.267138,0.245928,0.264095
1,7,5000,0.1,0.05,1,0.0110951,0.001202,0.015849,0.00116354
1,7,5000,0.2,0.05,1,0.0111076,0.00127844,0.0159768,0.00125911
1,7,5000,0.3,0.05,1,0.0111028,0.00126608,0.0160916,0.00125888
1,7,5000,0.4,0.05,1,0.011106,0.0012905,0.0160329,0.00127731
1,7,5000,0.5,0.05,1,0.0110494,0.00136655,0.0158441,0.00138058
1,7,5000,0.6,0.05,1,0.0108099,0.00131469,0.0162327,0.00133769
1,7,5000,0.7,0.05,1,0.010949,0.00130014,0.0162398,0.00119347
1,7,5000,0.8,0.05,1,0.0107934,0.00115146,0.0168826,0.00167387
1,7,5000,0,0.1,1,0.254436,0.269971,0.245928,0.264095
1,7,5000,0.1,0.1,1,0.0103718,0.000950322,0.0163665,0.000688535
1,7,5000,0.2,0.1,1,0.0103907,0.000899445,0.0163567,0.000628796
1,7,5000,0.3,0.1,1,0.0103665,0.000903211,0.0164096,0.000642633
1,7,5000,0.4,0.1,1,0.0103557,0.000902315,0.0164855,0.000668846
1,7,5000,0.5,0.1,1,0.0103711,0.000923513,0.0164377,0.000610461
1,7,5000,0.6,0.1,1,0.0104106,0.000887779,0.0164243,0.000585549
1,7,5000,0.7,0.1,1,0.0102694,0.00100091,0.0166585,0.0008777
1,7,5000,0.8,0.1,1,0.0102986,0.00102969,0.0167369,0.000942729
1,7,5000,0,0.15,1,0.25831,0.272148,0.245928,0.264095
1,7,5000,0.1,0.15,1,0.00913633,0.00130908,0.0167361,0.000742905
1,7,5000,0.2,0.15,1,0.00906397,0.00129811,0.0169351,0.000797108
1,7,5000,0.3,0.15,1,0.00905713,0.0013851,0.0171286,0.000884413
1,7,5000,0.4,0.15,1,0.00904523,0.00132913,0.0171998,0.000797398
1,7,5000,0.5,0.15,1,0.00907313,0.00129672,0.0171521,0.000791652
1,7,5000,0.6,0.15,1,0.00908984,0.00130985,0.0171515,0.000870091
1,7,5000,0.7,0.15,1,0.00907688,0.00130157,0.0170747,0.00109488
1,7,5000,0.8,0.15,1,0.00890458,0.00117167,0.0174566,0.000796169
1,8,5000,0,0,1,0.378098,0.125525,0.377932,0.125422
1,8,5000,0.1,0,1,0.000377566,4.81122e-05,0.000471763,4.40399e-05
1,8,5000,0.2,0,1,0.00029848,7.23531e-06,0.000404705,1.0678e-05
1,8,5000,0.3,0,1,0.000283856,6.91045e-06,0.000385865,2.817e-05
1,8,5000,0.4,0,1,0.000276844,2.79398e-05,0.000374243,2.98373e-05
1,8,5000,0.5,0,1,0.000271396,2.26081e-05,0.000372355,3.8269e-05
1,8,5000,0.6,0,1,0.000268558,1.91545e-05,0.000367636,3.86211e-05
1,8,5000,0.7,0,1,0.000258249,1.89345e-05,0.000346706,4.84428e-05
1,8,5000,0.1,0.05,1,0.0113709,0.0012561,0.016078,0.000632247
1,8,5000,0.2,0.05,1,0.0113362,0.0012814,0.0162534,0.000740174
1,8,5000,0.3,0.05,1,0.0112785,0.0012776,0.0163646,0.000813486
1,8,5000,0.4,0.05,1,0.0109661,0.00166789,0.0170671,0.0021394
1,8,5000,0.5,0.05,1,0.0112502,0.00130747,0.0164108,0.000809718
1,8,5000,0.6,0.05,1,0.0112937,0.00121517,0.0163902,0.000654281
1,8,5000,0.7,0.05,1,0.0112692,0.00113815,0.0164703,0.000569289
1,8,5000,0.8,0.05,1,0.0112477,0.0013119,0.0166164,0.000660436
1,8,5000,0,0.1,1,0.398161,0.134738,0.377932,0.125422
1,8,5000,0.1,0.1,1,0.0102813,0.000945134,0.0166146,0.00110778
1,8,5000,0.2,0.1,1,0.0103226,0.00106454,0.0166226,0.000988934
1,8,5000,0.3,0.1,1,0.0103902,0.00111218,0.0167399,0.000858539
1,8,5000,0.4,0.1,1,0.0104047,0.0009985,0.0166696,0.000889397
1,8,5000,0.5,0.1,1,0.0103563,0.000959587,0.0167251,0.000907025
1,8,5000,0.6,0.1,1,0.0104042,0.000961781,0.0166043,0.000824262
1,8,5000,0.7,0.1,1,0.0101438,0.00121426,0.0170733,0.00107849
1,8,5000,0.8,0.1,1,0.0101564,0.00108607,0.0169703,0.00102456
1,8,5000,0,0.15,1,0.406195,0.137869,0.377932,0.125422
1,8,5000,0.1,0.15,1,0.00941587,0.00165007,0.0164169,0.0006596
1,8,5000,0.2,0.15,1,0.00939593,0.00169689,0.0164072,0.000698998
1,8,5000,0.3,0.15,1,0.00937045,0.00176092,0.0163809,0.000615069
1,8,5000,0.4,0.15,1,0.00925905,0.00171708,0.0165126,0.000599331
1,8,5000,0.5,0.15,1,0.00924261,0.0018353,0.0165972,0.000648997
1,8,5000,0.6,0.15,1,0.00920927,0.0019416,0.0166051,0.000590978
1,8,5000,0.7,0.15,1,0.00935855,0.00196014,0.0163305,0.000736096
1,8,5000,0.8,0.15,1,0.00926301,0.0017753,0.0166275,0.000795103
1,9,5000,0,0,1,0.330281,0.355622,0.330523,0.354867
1,9,5000,0.1,0,1,0.00038645,3.76553e-05,0.000494386,5.5122e-05
1,9,5000,0.2,0,1,0.000295909,2.34172e-05,0.000382757,2.63169e-05
1,9,5000,0.3,0,1,0.000268157,9.43785e-06,0.000350101,1.94658e-05
1,9,5000,0.4,0,1,0.000256159,1.34557e-05,0.000340471,2.26588e-05
1,9,5000,0.5,0,1,0.000265645,1.76418e-05,0.000364745,2.7252e-05
1,9,5000,0.6,0,1,0.000264747,2.54255e-05,0.000351917,3.55078e-05
1,9,5000,0.7,0,1,0.000258264,1.73598e-05,0.000352131,2.59016e-05
1,9,5000,0.8,0,1,0.000253165,2.40966e-05,0.00033687,3.63704e-05
1,9,5000,0,0.05,1,0.337439,0.36509,0.330523,0.354867
1,9,5000,0.1,0.05,1,0.0112906,0.001026,0.0167445,0.00133909
1,9,5000,0.2,0.05,1,0.0112576,0.000988222,0.0168196,0.0013223
1,9,5000,0.3,0.05,1,0.0111955,0.000775722,0.0168648,0.00105704
1,9,5000,0.4,0.05,1,0.0111826,0.00072697,0.0168834,0.00110584
1,9,5000,0.5,0.05,1,0.0110209,0.000710146,0.017583,0.0018249
1,9,5000,0.6,0.05,1,0.0111439,0.00071847,0.0171097,0.00146288
1,9,5000,0.7,0.05,1,0.011218,0.000738564,0.0170999,0.00148155
1,9,5000,0.8,0.05,1,0.0110625,0.000723937,0.0170287,0.00117633
1,9,5000,0,0.1,1,0.343867,0.372856,0.330523,0.354867
1,9,5000,0.1,0.1,1,0.00985006,0.00156001,0.0160298,0.000534059
1,9,5000,0.2,0.1,1,0.0098269,0.001535,0.0160751,0.000527314
1,9,5000,0.3,0.1,1,0.00983839,0.00159614,0.0160696,0.00058794
1,9,5000,0.4,0.1,1,0.0098426,0.00161463,0.0160981,0.000619207
1,9,5000,0.5,0.1,1,0.00980993,0.00163684,0.0162486,0.000607218
1,9,5000,0.6,0.1,1,0.00982289,0.00164241,0.0161129,0.000661329
1,9,5000,0.7,0.1,1,0.0097733,0.00162806,0.0161582,0.000668433
1,9,5000,0.8,0.1,1,0.00977558,0.00163194,0.0161093,0.000716688
1,9,5000,0,0.15,1,0.350209,0.378815,0.330523,0.354867
1,9,5000,0.1,0.15,1,0.00882643,0.00174077,0.0166912,0.0007566
1,9,5000,0.2,0.15,1,0.00864545,0.00186669,0.0170144,0.000838878
1,9,5000,0.3,0.15,1,0.00856893,0.00178013,0.0171994,0.000674718
1,9,5000,0.4,0.15,1,0.00852172,0.00180565,0.0172377,0.000804605
1,9,5000,0.5,0.15,1,0.00846375,0.00191673,0.0174709,0.000925222
1,9,5000,0.6,0.15,1,0.00834369,0.00211464,0.017914,0.00133027
1,9,5000,0.7,0.15,1,0.00827362,0.00201493,0.018117,0.00117255
1,9,5000,0.8,0.15,1,0.0083163,0.00208516,0.0177988,0.00142336
1,10,5000,0,0,1,0.410823,0.253902,0.411174,0.25335
1,10,5000,0.1,0,1,0.00037053,5.61181e-05,0.000467408,5.86189e-05
1,10,5000,0.2,0,1,0.00028895,5.4871e-05,0.000378073,4.60285e-05
1,10,5000,0.3,0,1,0.000261629,3.69133e-05,0.000352004,3.40089e-05
1,10,5000,0.4,0,1,0.000249313,3.37847e-05,0.000335328,3.91839e-05
1,10,5000,0.5,0,1,0.000235511,1.617e-05,0.000325633,3.81665e-05
1,10,5000,0.6,0,1,0.000226882,9.92581e-06,0.000310842,2.22675e-05
1,10,5000,0.7,0,1,0.000235414,1.88058e-05,0.000343858,2.75341e-05
1,10,5000,0.8,0,1,0.000228999,1.88177e-05,0.000339808,4.80734e-05
1,10,5000,0,0.05,1,0.423548,0.264522,0.411174,0.25335
1,10,5000,0.1,0.05,1,0.0108184,0.000929419,0.0165243,0.00062444
1,10,5000,0.2,0.05,1,0.0108505,0.000998772,0.0165312,0.00114288
1,10,5000,0.3,0.05,1,0.0112016,0.000950799,0.0159981,0.000742866
1,10,5000,0.4,0.05,1,0.0111811,0.000945206,0.01609,0.000721286
1,10,5000,0.5,0.05,1,0.0108909,0.000868899,0.0164803,0.000666911
1,10,5000,0.6,0.05,1,0.0108166,0.00121202,0.0167572,0.00123911
1,10,5000,0.7,0.05,1,0.0108619,0.000830686,0.0169459,0.000991092
1,10,5000,0.8,0.05,1,0.0109331,0.00080881,0.0167634,0.00108989
1,10,5000,0,0.1,1,0.43306,0.271812,0.411174,0.25335
1,10,5000,0.1,0.1,1,0.00912537,0.00170859,0.0174197,0.00194686
1,10,5000,0.2,0.1,1,0.00918488,0.00162636,0.0172736,0.00174654
1,10,5000,0.3,0.1,1,0.0091949,0.00157641,0.0173296,0.00165713
1,10,5000,0.4,0.1,1,0.00908265,0.00166168,0.0174988,0.00176559
1,10,5000,0.5,0.1,1,0.00917741,0.00164079,0.0174415,0.00168243
1,10,5000,0.6,0.1,1,0.00923993,0.00161278,0.0172291,0.00151454
1,10,5000,0.7,0.1,1,0.00921911,0.00162181,0.0173041,0.00149039
1,10,5000,0.8,0.1,1,0.00925869,0.00154069,0.0174289,0.00155911
1,10,5000,0,0.15,1,0.440819,0.277572,0.411174,0.25335
1,10,5000,0.1,0.15,1,0.00838583,0.00204771,0.0164999,0.00143539
1,10,5000,0.2,0.15,1,0.00836532,0.00205579,0.0165989,0.00143212
1,10,5000,0.3,0.15,1,0.00836845,0.00205928,0.0167031,0.00147841
1,10,5000,0.4,0.15,1,0.00841872,0.00206249,0.0167867,0.00152787
1,10,5000,0.5,0.15,1,0.00840761,0.00205678,0.0167691,0.00154291
1,10,5000,0.6,0.15,1,0.00837785,0.00204828,0.0168541,0.00154767
1,10,5000,0.7,0.15,1,0.00835704,0.00202907,0.016949,0.00154719
1,10,5000,0.8,0.15,1,0.00838703,0.00206316,0.0170081,0.00158773
1,11,5000,0.1,0,1,0.000368211,3.41228e-05,0.000475893,2.39979e-05
1,11,5000,0.2,0,1,0.000286354,3.65305e-05,0.000393413,3.21641e-05
1,11,5000,0.3,0,1,0.000250155,1.17705e-05,0.000352504,3.09611e-05
1,11,5000,0.4,0,1,0.000238504,1.46709e-05,0.000347115,2.24251e-05
1,11,5000,0.5,0,1,0.00022955,2.16672e-05,0.000335213,5.26451e-05
1,11,5000,0.6,0,1,0.000217807,2.20198e-05,0.000317567,4.59809e-05
1,11,5000,0.7,0,1,0.000207672,2.13661e-05,0.000298049,4.63253e-05
1,11,5000,0.8,0,1,0.000212032,2.17064e-05,0.000316655,3.64778e-05
1,11,5000,0,0.05,1,0.236125,0.309921,0.230072,0.299587
1,11,5000,0.1,0.05,1,0.0110419,0.00134281,0.0163821,0.0010879
1,11,5000,0.2,0.05,1,0.0110426,0.00133944,0.0164698,0.0011168
1,11,5000,0.3,0.05,1,0.0110238,0.00139061,0.0165613,0.00132715
1,11,5000,0.4,0.05,1,0.0109859,0.00137887,0.0166792,0.00119883
1,11,5000,0.5,0.05,1,0.0110087,0.00130437,0.0167027,0.00106859
1,11,5000,0.6,0.05,1,0.0110419,0.00120543,0.0165941,0.00108026
1,11,5000,0.7,0.05,1,0.0110637,0.00113883,0.0162272,0.00112067
1,11,5000,0.8,0.05,1,0.0110191,0.00118566,0.0163196,0.00111233
1,11,5000,0,0.1,1,0.240456,0.316229,0.230072,0.299587
1,11,5000,0.1,0.1,1,0.00960148,0.00149249,0.0177689,0.00155193
1,11,5000,0.2,0.1,1,0.0096331,0.00149081,0.0175755,0.00136459
1,11,5000,0.3,0.1,1,0.00954195,0.0017247,0.0176511,0.00170554
1,11,5000,0.4,0.1,1,0.00957031,0.00168237,0.0176425,0.00155969
1,11,5000,0.5,0.1,1,0.00961359,0.00167683,0.0177225,0.00165693
1,11,5000,0.6,0.1,1,0.00969356,0.00157771,0.017734,0.00136368
1,11,5000,0.7,0.1,1,0.00966369,0.00143697,0.0182837,0.00177775
1,11,5000,0.8,0.1,1,0.00975971,0.00135084,0.017847,0.00152926
1,11,5000,0,0.15,1,0.245906,0.322819,0.230072,0.299587
1,11,5000,0.1,0.15,1,0.00854786,0.00190408,0.0171699,0.00102669
1,11,5000,0.2,0.15,1,0.00859467,0.00189181,0.0171518,0.000981634
1,11,5000,0.3,0.15,1,0.00860377,0.00178956,0.0173761,0.000697507
1,11,5000,0.4,0.15,1,0.00863999,0.00180105,0.017424,0.000764301
1,11,5000,0.5,0.15,1,0.00859032,0.00179898,0.0174774,0.000896059
1,11,5000,0.6,0.15,1,0.00868189,0.00203537,0.0175138,0.00120819
1,11,5000,0.7,0.15,1,0.00853223,0.00212338,0.017704,0.00125923
1,11,5000,0.8,0.15,1,0.00866892,0.00204307,0.0176769,0.00150054
1,12,5000,0,0,1,0.274983,0.168713,0.274892,0.168208
1,12,5000,0.1,0,1,0.000350209,3.73515e-05,0.000463485,2.68381e-05
1,12,5000,0.2,0,1,0.00027081,2.63989e-05,0.000386936,4.04612e-05
1,12,5000,0.3,0,1,0.000242804,2.72664e-05,0.000357152,4.78599e-05
1,12,5000,0.4,0,1,0.000229202,3.25678e-05,0.000344409,5.16799e-05
1,12,5000,0.5,0,1,0.00022351,2.71087e-05,0.000335848,5.85093e-05
1,12,5000,0.6,0,1,0.000207257,2.44242e-05,0.000300276,4.75158e-05
1,12,5000,0.7,0,1,0.000203826,4.04038e-05,0.000297494,6.03616e-05
1,12,5000,0.8,0,1,0.00021551,3.76434e-05,0.000306779,4.27865e-05
1,12,5000,0,0.05,1,0.282613,0.172854,0.274892,0.168208
1,12,5000,0.1,0.05,1,0.0107995,0.00122631,0.0166897,0.00134916
1,12,5000,0.2,0.05,1,0.010985,0.00082103,0.0164441,0.000845731
1,12,5000,0.3,0.05,1,0.011071,0.000682181,0.0166546,0.000814094
1,12,5000,0.4,0.05,1,0.0111125,0.000881869,0.0166258,0.00102453
1,12,5000,0.5,0.05,1,0.0111987,0.00095428,0.0166641,0.00118423
1,12,5000,0.6,0.05,1,0.0110882,0.000895343,0.0169468,0.00129359
1,12,5000,0.7,0.05,1,0.0109755,0.000977528,0.0170774,0.00128227
1,12,5000,0.8,0.05,1,0.0107065,0.00120646,0.0175512,0.00158299
1,12,5000,0,0.1,1,0.288636,0.175293,0.274892,0.168208
1,12,5000,0.1,0.1,1,0.0101157,0.000870441,0.0165355,0.000673506
1,12,5000,0.2,0.1,1,0.0101128,0.000874701,0.0166172,0.000636066
1,12,5000,0.3,0.1,1,0.0100855,0.000876249,0.0167272,0.000685316
1,12,5000,0.4,0.1,1,0.0100377,0.000869666,0.0168654,0.000876364
1,12,5000,0.5,0.1,1,0.00996358,0.000868506,0.0170717,0.00111945
1,12,5000,0.6,0.1,1,0.00998221,0.000837349,0.0170945,0.000885627
1,12,5000,0.7,0.1,1,0.00999261,0.000797309,0.0172701,0.000899824
1,12,5000,0.8,0.1,1,0.0100019,0.000783949,0.0173171,0.000914409
1,12,5000,0,0.15,1,0.29395,0.17825,0.274892,0.168208
1,12,5000,0.1,0.15,1,0.00903489,0.00115599,0.0167435,0.00101322
1,12,5000,0.2,0.15,1,0.00899365,0.00101346,0.0167007,0.000690665
1,12,5000,0.3,0.15,1,0.00909592,0.0011301,0.0167883,0.000759973
1,12,5000,0.4,0.15,1,0.0090833,0.001091,0.0168611,0.000757757
1,12,5000,0.5,0.15,1,0.00923501,0.00109885,0.0167182,0.000530887
1,12,5000,0.6,0.15,1,0.00921995,0.00111046,0.0167426,0.000587701
1,12,5000,0.7,0.15,1,0.00916584,0.0010786,0.0168451,0.000537311
1,12,5000,0.8,0.15,1,0.0091296,0.00106176,0.0169386,0.000567911
1,13,5000,0,0,1,0.29994,0.300534,0.300337,0.300059
1,13,5000,0.1,0,1,0.000363936,2.24502e-05,0.00045383,2.59395e-05
1,13,5000,0.2,0,1,0.00025842,3.22614e-05,0.000346966,2.46673e-05
1,13,5000,0.3,0,1,0.000220325,2.68395e-05,0.000298555,3.42031e-05
1,13,5000,0.4,0,1,0.00021234,2.86749e-05,0.000291975,4.01504e-05
1,13,5000,0.5,0,1,0.00021497,4.99729e-05,0.000297132,7.05084e-05
1,13,5000,0.6,0,1,0.000211784,5.25619e-05,0.000293093,8.05619e-05
1,13,5000,0.7,0,1,0.000200947,5.19819e-05,0.000274776,7.58109e-05
1,13,5000,0.8,0,1,0.000193567,5.00296e-05,0.000256605,6.35368e-05
1,13,5000,0,0.05,1,0.305115,0.301857,0.300337,0.300059
1,13,5000,0.1,0.05,1,0.0112152,0.00107302,0.0161479,0.000779148
1,13,5000,0.2,0.05,1,0.0112028,0.000982628,0.0161487,0.000603664
1,13,5000,0.3,0.05,1,0.0112287,0.000904668,0.0161412,0.000590393
1,13,5000,0.4,0.05,1,0.0112231,0.000888305,0.0162499,0.000565841
1,13,5000,0.5,0.05,1,0.0111626,0.000867868,0.0162826,0.000603697
1,13,5000,0.6,0.05,1,0.0111662,0.000761199,0.0162573,0.000643824
1,13,5000,0.7,0.05,1,0.0112784,0.000747736,0.0162287,0.000636513
1,13,5000,0.8,0.05,1,0.0112923,0.000672105,0.0163147,0.000688073
1,13,5000,0,0.1,1,0.31024,0.303699,0.300337,0.300059
1,13,5000,0.1,0.1,1,0.00977954,0.00143996,0.0163661,0.000473738
1,13,5000,0.2,0.1,1,0.00975361,0.0014473,0.0164197,0.000436423
1,13,5000,0.3,0.1,1,0.00974484,0.0014402,0.0165741,0.000495152
1,13,5000,0.4,0.1,1,0.00976463,0.00140849,0.0166509,0.000659445
1,13,5000,0.5,0.1,1,0.00970985,0.00146088,0.0166142,0.000696358
1,13,5000,0.6,0.1,1,0.00972735,0.00147271,0.0168317,0.000904117
1,13,5000,0.7,0.1,1,0.00958765,0.0015871,0.0170946,0.0014222
1,13,5000,0.8,0.1,1,0.00957259,0.00160411,0.0173589,0.00197232
1,13,5000,0,0.15,1,0.315308,0.304784,0.300337,0.300059
1,13,5000,0.1,0.15,1,0.00813699,0.00240648,0.0168077,0.00120905
1,13,5000,0.2,0.15,1,0.00805744,0.00251159,0.0172669,0.00168523
1,13,5000,0.3,0.15,1,0.00802295,0.00245136,0.0173571,0.00173625
1,13,5000,0.4,0.15,1,0.00793912,0.00244114,0.0175598,0.00187814
1,13,5000,0.5,0.15,1,0.00798916,0.00241695,0.0175185,0.00170008
1,13,5000,0.6,0.15,1,0.00808435,0.00235954,0.0175823,0.00175933
1,13,5000,0.7,0.15,1,0.00806049,0.0022165,0.0176379,0.0017053
1,13,5000,0.8,0.15,1,0.0080486,0.00219784,0.0176741,0.00159685
1,14,5000,0,0,1,0.110739,0.0817414,0.111455,0.081434
1,14,5000,0.1,0,1,0.000326357,3.491e-05,0.000439618,4.16173e-05
1,14,5000,0.2,0,1,0.000237137,4.34338e-05,0.000333935,5.98059e-05
1,14,5000,0.3,0,1,0.000209348,2.06461e-05,0.000304242,3.25901e-05
1,14,5000,0.4,0,1,0.000189802,1.67499e-05,0.000265909,2.36902e-05
1,14,5000,0.5,0,1,0.00018313,1.64997e-05,0.00025417,3.47197e-05
1,14,5000,0.6,0,1,0.000170991,8.01944e-06,0.000239995,1.56968e-05
1,14,5000,0.7,0,1,0.000168963,7.11496e-06,0.000248595,1.64294e-05
1,14,5000,0.8,0,1,0.000173718,2.18743e-05,0.000249168,3.60428e-05
1,14,5000,0,0.05,1,0.114659,0.0871198,0.111455,0.081434
1,14,5000,0.1,0.05,1,0.0113154,0.00102282,0.0154786,0.000566438
1,14,5000,0.2,0.05,1,0.0113973,0.00103518,0.0154928,0.000723329
1,14,5000,0.3,0.05,1,0.0113999,0.00104657,0.0154321,0.00080171
1,14,5000,0.4,0.05,1,0.0114232,0.00103354,0.0153967,0.000767659
1,14,5000,0.5,0.05,1,0.0114123,0.00105481,0.0153211,0.000763458
1,14,5000,0.6,0.05,1,0.0113833,0.00110051,0.0153247,0.00075028
1,14,5000,0.7,0.05,1,0.0113454,0.00111288,0.0154939,0.000741277
1,14,5000,0.8,0.05,1,0.0112108,0.00131677,0.0157844,0.00126043
1,14,5000,0,0.1,1,0.117686,0.0894759,0.111455,0.081434
1,14,5000,0.1,0.1,1,0.00946151,0.00182065,0.0178493,0.0019628
1,14,5000,0.2,0.1,1,0.00926416,0.00215252,0.0183707,0.00262051
1,14,5000,0.3,0.1,1,0.00920982,0.00223064,0.0187634,0.00329042
1,14,5000,0.4,0.1,1,0.00972236,0.00146487,0.0176922,0.0012935
1,14,5000,0.5,0.1,1,0.00973941,0.00146771,0.0176568,0.00121912
1,14,5000,0.6,0.1,1,0.00968376,0.00165099,0.0180264,0.00161713
1,14,5000,0.7,0.1,1,0.00961958,0.00181367,0.0182318,0.00184899
1,14,5000,0.8,0.1,1,0.00963361,0.00163568,0.0180989,0.00156949
1,14,5000,0,0.15,1,0.120602,0.0928461,0.111455,0.081434
1,14,5000,0.1,0.15,1,0.00856166,0.0020798,0.0162632,0.000504118
1,14,5000,0.2,0.15,1,0.00861434,0.00219628,0.0163036,0.000435796
1,14,5000,0.3,0.15,1,0.00861509,0.0022513,0.016382,0.000455819
1,14,5000,0.4,0.15,1,0.00860377,0.00225373,0.0164495,0.000487073
1,14,5000,0.5,0.15,1,0.00859546,0.00222661,0.0164792,0.000542187
1,14,5000,0.6,0.15,1,0.0085991,0.00222229,0.0165057,0.000617196
1,14,5000,0.7,0.15,1,0.00859995,0.00222317,0.0165668,0.00068013
1,14,5000,0.8,0.15,1,0.00859581,0.00221812,0.0166407,0.00073421
1,15,5000,0,0,1,0.0868266,0.0672303,0.0878947,0.0674048
1,15,5000,0.1,0,1,0.00033595,2.18077e-05,0.000450406,3.52283e-05
1,15,5000,0.2,0,1,0.000244579,2.68928e-05,0.000359548,4.48493e-05
1,15,5000,0.3,0,1,0.000220538,2.76519e-05,0.000322597,3.99774e-05
1,15,5000,0.4,0,1,0.000204139,2.67376e-05,0.000297177,3.75678e-05
1,15,5000,0.5,0,1,0.00020395,2.49741e-05,0.000309627,4.55675e-05
1,15,5000,0.6,0,1,0.000187569,1.91406e-05,0.000284674,3.41076e-05
1,15,5000,0.7,0,1,0.000189979,1.49844e-05,0.000299246,2.79468e-05
1,15,5000,0.8,0,1,0.000191527,1.6468e-05,0.000291667,2.56623e-05
1,15,5000,0,0.05,1,0.0918637,0.072239,0.0878947,0.0674048
1,15,5000,0.1,0.05,1,0.010907,0.000817826,0.0166279,0.000656445
1,15,5000,0.2,0.05,1,0.0108066,0.000801967,0.0167868,0.000943256
1,15,5000,0.3,0.05,1,0.0107051,0.0010006,0.0168996,0.00148873
1,15,5000,0.4,0.05,1,0.0105544,0.000778891,0.0170829,0.00107664
1,15,5000,0.5,0.05,1,0.0106541,0.000700995,0.0171329,0.00111533
1,15,5000,0.6,0.05,1,0.0106253,0.000825191,0.0168751,0.0010287
1,15,5000,0.7,0.05,1,0.0105574,0.000853743,0.0174114,0.00117418
1,15,5000,0.8,0.05,1,0.0107222,0.00106047,0.0168165,0.00105681
1,15,5000,0,0.1,1,0.0948069,0.0751918,0.0878947,0.0674048
1,15,5000,0.1,0.1,1,0.00951,0.00143358,0.0165991,0.0006673
1,15,5000,0.2,0.1,1,0.00946033,0.00147687,0.0167653,0.000760825
1,15,5000,0.3,0.1,1,0.00941622,0.00149462,0.0168568,0.000856219
1,15,5000,0.4,0.1,1,0.00938453,0.0015266,0.0169051,0.000952032
1,15,5000,0.5,0.1,1,0.0093626,0.00159536,0.0170513,0.00108655
1,15,5000,0.6,0.1,1,0.00927597,0.00164518,0.017241,0.00122136
1,15,5000,0.7,0.1,1,0.00931013,0.00152267,0.0172236,0.0011189
1,15,5000,0.8,0.1,1,0.00930487,0.00148533,0.0172279,0.00113076
1,15,5000,0,0.15,1,0.097703,0.0781023,0.0878947,0.0674048
1,15,5000,0.1,0.15,1,0.00769602,0.00175135,0.0166457,0.000476181
1,15,5000,0.2,0.15,1,0.00774333,0.00177749,0.0165339,0.000384013
1,15,5000,0.3,0.15,1,0.00773841,0.00172883,0.0166386,0.000541552
1,15,5000,0.4,0.15,1,0.00774343,0.00172924,0.0165854,0.000400089
1,15,5000,0.5,0.15,1,0.00775322,0.00175223,0.0165558,0.000275868
1,15,5000,0.6,0.15,1,0.00773533,0.00171223,0.0166759,0.000269841
1,15,5000,0.7,0.15,1,0.00790841,0.00194286,0.0166008,0.000478164
1,15,5000,0.8,0.15,1,0.00789564,0.00187165,0.016691,0.000339293
1,16,5000,0,0,1,0.213416,0.135722,0.213238,0.135583
1,16,5000,0.1,0,1,0.000328364,4.64188e-05,0.00042753,4.77019e-05
1,16,5000,0.2,0,1,0.000219643,1.75331e-05,0.000319592,2.68691e-05
1,16,5000,0.3,0,1,0.000193321,1.55752e-05,0.000279573,2.72739e-05
1,16,5000,0.4,0,1,0.000188424,2.51831e-05,0.000284331,5.64341e-05
1,16,5000,0.5,0,1,0.000185308,1.52876e-05,0.000272523,2.30581e-05
1,16,5000,0.6,0,1,0.000173442,9.65412e-06,0.000258348,2.19558e-05
1,16,5000,0.7,0,1,0.000177752,2.53421e-05,0.000268713,5.3424e-05
1,16,5000,0.8,0,1,0.000165218,1.64551e-05,0.000254396,4.22983e-05
1,16,5000,0,0.05,1,0.220294,0.139003,0.213238,0.135583
1,16,5000,0.1,0.05,1,0.0110171,0.000667543,0.0164665,0.00134755
1,16,5000,0.2,0.05,1,0.0111604,0.000627301,0.0162871,0.00115603
1,16,5000,0.3,0.05,1,0.0112078,0.000643825,0.0162286,0.00105633
1,16,5000,0.4,0.05,1,0.0112268,0.000717927,0.0162776,0.00106747
1,16,5000,0.5,0.05,1,0.0112599,0.000793145,0.016221,0.00121699
1,16,5000,0.6,0.05,1,0.0112672,0.000679307,0.0163024,0.00113733
1,16,5000,0.7,0.05,1,0.0112702,0.000690742,0.0161749,0.000950112
1,16,5000,0.8,0.05,1,0.011132,0.00062689,0.0163225,0.000919568
1,16,5000,0,0.1,1,0.226262,0.142306,0.213238,0.135583
1,16,5000,0.1,0.1,1,0.00943934,0.0010441,0.0162053,0.000920262
1,16,5000,0.2,0.1,1,0.0094568,0.00092414,0.0161211,0.00107868
1,16,5000,0.3,0.1,1,0.0095185,0.000921766,0.0161056,0.00112302
1,16,5000,0.4,0.1,1,0.009562,0.000956126,0.0161195,0.00115636
1,16,5000,0.5,0.1,1,0.00954093,0.000923848,0.0162204,0.00122997
1,16,5000,0.6,0.1,1,0.00948303,0.000833443,0.0163428,0.00134557
1,16,5000,0.7,0.1,1,0.00948202,0.000819633,0.0164002,0.00145453
1,16,5000,0.8,0.1,1,0.00948847,0.000818931,0.0164114,0.00139298
1,16,5000,0,0.15,1,0.231928,0.14676,0.213238,0.135583
1,16,5000,0.1,0.15,1,0.00834524,0.00150371,0.0173178,0.000833495
1,16,5000,0.2,0.15,1,0.00836569,0.00149666,0.0174309,0.000804131
1,16,5000,0.3,0.15,1,0.00839713,0.00147198,0.0174703,0.000779265
1,16,5000,0.4,0.15,1,0.00844549,0.00147599,0.0174191,0.000912842
1,16,5000,0.5,0.15,1,0.00844028,0.00147039,0.017456,0.000917498
1,16,5000,0.6,0.15,1,0.00839995,0.00148188,0.0176517,0.000877176
1,16,5000,0.7,0.15,1,0.00840021,0.00149002,0.0177485,0.00102253
1,16,5000,0.8,0.15,1,0.00835553,0.00149806,0.0179293,0.00119025
1,17,5000,0,0,1,0.346024,0.192804,0.345642,0.192698
1,17,5000,0.1,0,1,0.00032739,2.70076e-05,0.000433791,3.39597e-05
1,17,5000,0.2,0,1,0.000240198,3.04236e-05,0.00035041,5.32022e-05
1,17,5000,0.3,0,1,0.000197543,1.6513e-05,0.00029055,2.88239e-05
1,17,5000,0.4,0,1,0.000185333,2.35911e-05,0.000287208,4.94859e-05
1,17,5000,0.5,0,1,0.000180689,1.63322e-05,0.000274526,3.96098e-05
1,17,5000,0.6,0,1,0.00016599,1.04663e-05,0.000247768,2.30422e-05
1,17,5000,0.7,0,1,0.000163543,1.48285e-05,0.00025304,3.00234e-05
1,17,5000,0.8,0,1,0.000155496,1.1978e-05,0.000231668,2.44158e-05
1,17,5000,0,0.05,1,0.355667,0.193139,0.345642,0.192698
1,17,5000,0.1,0.05,1,0.0114785,0.000935133,0.01638,0.000683303
1,17,5000,0.2,0.05,1,0.0114364,0.000903488,0.0164605,0.000732706
1,17,5000,0.3,0.05,1,0.0113339,0.000886824,0.0166279,0.000736406
1,17,5000,0.4,0.05,1,0.0112059,0.000934294,0.01679,0.000770444
1,17,5000,0.5,0.05,1,0.0113318,0.000748391,0.0166735,0.000507702
1,17,5000,0.6,0.05,1,0.0113466,0.000814207,0.01672,0.000591803
1,17,5000,0.7,0.05,1,0.0113364,0.000820211,0.0168419,0.00068677
1,17,5000,0.8,0.05,1,0.0112722,0.000878386,0.0169383,0.000778659
1,17,5000,0,0.1,1,0.363816,0.194207,0.345642,0.192698
1,17,5000,0.1,0.1,1,0.00977874,0.0015576,0.0161928,0.000856318
1,17,5000,0.2,0.1,1,0.00978033,0.00162145,0.0163002,0.00085291
1,17,5000,0.3,0.1,1,0.00981013,0.00169352,0.0162909,0.000849221
1,17,5000,0.4,0.1,1,0.0098179,0.00174048,0.0163467,0.000896632
1,17,5000,0.5,0.1,1,0.00979783,0.0017737,0.0164267,0.000918549
1,17,5000,0.6,0.1,1,0.00978573,0.00183617,0.0165275,0.00101404
1,17,5000,0.7,0.1,1,0.00977953,0.00181268,0.0166046,0.00112346
1,17,5000,0.8,0.1,1,0.00977673,0.00186597,0.0167248,0.00117345
1,17,5000,0,0.15,1,0.370237,0.194387,0.345642,0.192698
1,17,5000,0.1,0.15,1,0.0090085,0.0020163,0.0172697,0.000736528
1,17,5000,0.2,0.15,1,0.00896615,0.00199391,0.0174664,0.00075384
1,17,5000,0.3,0.15,1,0.00896256,0.00195091,0.0176314,0.00076492
1,17,5000,0.4,0.15,1,0.00900266,0.00198759,0.0177928,0.000771733
1,17,5000,0.5,0.15,1,0.00902472,0.0020164,0.0178738,0.000847841
1,17,5000,0.6,0.15,1,0.00904104,0.00203202,0.0178653,0.000978949
1,17,5000,0.7,0.15,1,0.00904761,0.00228198,0.0178565,0.00108613
1,17,5000,0.8,0.15,1,0.00887466,0.00231475,0.0180018,0.00118131
1,18,5000,0,0,1,0.0895666,0.0697002,0.0903683,0.069478
1,18,5000,0.1,0,1,0.00031753,1.99984e-05,0.000428281,2.46875e-05
1,18,5000,0.2,0,1,0.000220289,9.7148e-06,0.000328526,2.11904e-05
1,18,5000,0.3,0,1,0.000205831,2.26921e-05,0.000322997,4.7728e-05
1,18,5000,0.4,0,1,0.000180888,1.09823e-05,0.000270586,3.21483e-05
1,18,5000,0.5,0,1,0.000167323,1.47774e-05,0.000251116,3.17722e-05
1,18,5000,0.6,0,1,0.000158314,2.03612e-05,0.000235968,4.05704e-05
1,18,5000,0.7,0,1,0.000168029,2.24098e-05,0.000252919,4.35077e-05
1,18,5000,0.8,0,1,0.000163566,2.71837e-05,0.000250137,5.14241e-05
1,18,5000,0,0.05,1,0.0908232,0.0721902,0.0903683,0.069478
1,18,5000,0.1,0.05,1,0.011297,0.00090538,0.0159781,0.000860823
1,18,5000,0.2,0.05,1,0.0113178,0.000850126,0.0161288,0.000910089
1,18,5000,0.3,0.05,1,0.0113233,0.000824588,0.01621,0.000960738
1,18,5000,0.4,0.05,1,0.0113813,0.000762121,0.0162184,0.000972147
1,18,5000,0.5,0.05,1,0.011426,0.000727962,0.0161754,0.000899041
1,18,5000,0.6,0.05,1,0.0114046,0.000630997,0.0161814,0.000754108
1,18,5000,0.7,0.05,1,0.0113994,0.000631151,0.0162378,0.000723139
1,18,5000,0.8,0.05,1,0.0113071,0.000561151,0.0164427,0.000797344
1,18,5000,0,0.1,1,0.0918299,0.0756597,0.0903683,0.069478
1,18,5000,0.1,0.1,1,0.0087554,0.00174201,0.0163098,0.000892551
1,18,5000,0.2,0.1,1,0.00871784,0.00172741,0.0165658,0.000921418
1,18,5000,0.3,0.1,1,0.00879784,0.00178493,0.0165465,0.000680459
1,18,5000,0.4,0.1,1,0.00879311,0.00184107,0.0165506,0.000716453
1,18,5000,0.5,0.1,1,0.00878343,0.0018396,0.0164948,0.000751224
1,18,5000,0.6,0.1,1,0.00882234,0.00179768,0.0164276,0.000898733
1,18,5000,0.7,0.1,1,0.00886309,0.00180365,0.016421,0.000971443
1,18,5000,0.8,0.1,1,0.00890498,0.00182808,0.016422,0.00103716
1,18,5000,0,0.15,1,0.0934228,0.0770829,0.0903683,0.069478
1,18,5000,0.1,0.15,1,0.0081193,0.00184778,0.0171191,0.00110215
1,18,5000,0.2,0.15,1,0.00818729,0.00187152,0.0172293,0.000933542
1,18,5000,0.3,0.15,1,0.00819097,0.00189136,0.0173324,0.000933972
1,18,5000,0.4,0.15,1,0.00817473,0.00189519,0.0174291,0.000954735
1,18,5000,0.5,0.15,1,0.00814088,0.00188871,0.017504,0.00100325
1,18,5000,0.6,0.15,1,0.00811982,0.00190677,0.0175336,0.00108716
1,18,5000,0.7,0.15,1,0.00813293,0.00198022,0.0175986,0.00111336
1,18,5000,0.8,0.15,1,0.00813219,0.00204103,0.0175981,0.00126381
1,19,5000,0,0,1,0.321599,0.300646,0.322186,0.30011
1,19,5000,0.1,0,1,0.00030619,1.69727e-05,0.000424907,2.03982e-05
1,19,5000,0.2,0,1,0.000216702,2.24798e-05,0.000326598,3.58123e-05
1,19,5000,0.3,0,1,0.000185535,1.29728e-05,0.00028679,1.93909e-05
1,19,5000,0.4,0,1,0.000168033,1.24731e-05,0.000257837,2.48096e-05
1,19,5000,0.5,0,1,0.00016213,1.15883e-05,0.000251938,2.22419e-05
1,19,5000,0.6,0,1,0.000162959,1.05916e-05,0.000252818,1.16536e-05
1,19,5000,0.7,0,1,0.000161846,2.53067e-05,0.000248329,2.66467e-05
1,19,5000,0.8,0,1,0.000153015,5.555e-06,0.000236264,7.83698e-06
1,19,5000,0,0.05,1,0.329075,0.306205,0.322186,0.30011
1,19,5000,0.1,0.05,1,0.0108078,0.000675815,0.0168055,0.00107363
1,19,5000,0.2,0.05,1,0.0107473,0.000706198,0.0170862,0.00139144
1,19,5000,0.3,0.05,1,0.010676,0.000635894,0.0172478,0.0011683
1,19,5000,0.4,0.05,1,0.0106553,0.00033239,0.0172042,0.000523055
1,19,5000,0.5,0.05,1,0.0105035,0.000763704,0.0180822,0.00253434
1,19,5000,0.6,0.05,1,0.0106519,0.00047819,0.0174405,0.00101793
1,19,5000,0.7,0.05,1,0.0105775,0.000553796,0.0173925,0.000662764
1,19,5000,0.8,0.05,1,0.0105808,0.000517944,0.0172301,0.000716885
1,19,5000,0,0.1,1,0.335748,0.311112,0.322186,0.30011
1,19,5000,0.1,0.1,1,0.00964396,0.00166781,0.016585,0.00067273
1,19,5000,0.2,0.1,1,0.00972761,0.00160384,0.0166356,0.000614987
1,19,5000,0.3,0.1,1,0.00976567,0.00156147,0.0166964,0.00062376
1,19,5000,0.4,0.1,1,0.00979281,0.00151224,0.0166982,0.000583971
1,19,5000,0.5,0.1,1,0.00979719,0.00146631,0.0166458,0.000511274
1,19,5000,0.6,0.1,1,0.00980485,0.00145087,0.0166323,0.000509252
1,19,5000,0.7,0.1,1,0.0098125,0.00144017,0.0166443,0.000592181
1,19,5000,0.8,0.1,1,0.00982073,0.00142236,0.0166896,0.000658551
1,19,5000,0,0.15,1,0.343512,0.31681,0.322186,0.30011
1,19,5000,0.1,0.15,1,0.00777359,0.00213362,0.0175946,0.00127816
1,19,5000,0.2,0.15,1,0.00774541,0.00211887,0.0177111,0.00131295
1,19,5000,0.3,0.15,1,0.00773713,0.00210659,0.0177756,0.00128917
1,19,5000,0.4,0.15,1,0.00774688,0.00212183,0.0178383,0.00132114
1,19,5000,0.5,0.15,1,0.00775899,0.00209183,0.0179638,0.00135169
1,19,5000,0.6,0.15,1,0.00781191,0.00206556,0.0180199,0.00138817
1,19,5000,0.7,0.15,1,0.00781529,0.00206574,0.0179887,0.00139042
1,19,5000,0.8,0.15,1,0.00779932,0.00207324,0.0181677,0.0014677
1,20,5000,0,0,1,0.324725,0.172318,0.325194,0.17182
1,20,5000,0.1,0,1,0.000322369,2.55227e-05,0.000432085,1.74003e-05
1,20,5000,0.2,0,1,0.00023419,2.52343e-05,0.000350156,1.30916e-05
1,20,5000,0.3,0,1,0.000184819,1.18081e-05,0.000287687,3.08461e-05
1,20,5000,0.4,0,1,0.000166916,9.07074e-06,0.00025323,2.03099e-05
1,20,5000,0.5,0,1,0.000161414,1.22528e-05,0.000249218,2.49145e-05
1,20,5000,0.6,0,1,0.000147753,9.65959e-06,0.000232447,1.83156e-05
1,20,5000,0.7,0,1,0.000149041,1.01052e-05,0.000233163,2.32965e-05
1,20,5000,0.8,0,1,0.000154165,1.43385e-05,0.000249883,2.86013e-05
1,20,5000,0,0.05,1,0.333104,0.178306,0.325194,0.17182
1,20,5000,0.1,0.05,1,0.0107332,0.00163135,0.0165797,0.0013029
1,20,5000,0.2,0.05,1,0.0107873,0.0014872,0.0165385,0.00117877
1,20,5000,0.3,0.05,1,0.0108563,0.00138318,0.0164969,0.00111524
1,20,5000,0.4,0.05,1,0.0108752,0.00128546,0.0166161,0.00112594
1,20,5000,0.5,0.05,1,0.0108651,0.00129035,0.0166963,0.00112769
1,20,5000,0.6,0.05,1,0.0108382,0.00135991,0.0166353,0.000985791
1,20,5000,0.7,0.05,1,0.0107879,0.00134084,0.0168733,0.00101015
1,20,5000,0.8,0.05,1,0.0107733,0.00142808,0.0168858,0.0011926
1,20,5000,0,0.1,1,0.341629,0.182894,0.325194,0.17182
1,20,5000,0.1,0.1,1,0.00939114,0.00129384,0.0165192,0.00087469
1,20,5000,0.2,0.1,1,0.00933157,0.00124877,0.0167064,0.000968795
1,20,5000,0.3,0.1,1,0.00933367,0.00119566,0.0167154,0.000989543
1,20,5000,0.4,0.1,1,0.00938298,0.00118959,0.0167404,0.00100411
1,20,5000,0.5,0.1,1,0.00942338,0.00126796,0.0168675,0.00104924
1,20,5000,0.6,0.1,1,0.00943809,0.00132309,0.0169994,0.0011111
1,20,5000,0.7,0.1,1,0.00940236,0.00133779,0.017067,0.00111103
1,20,5000,0.8,0.1,1,0.00933432,0.00140742,0.0171751,0.00127065
1,20,5000,0,0.15,1,0.348808,0.187116,0.325194,0.17182
1,20,5000,0.1,0.15,1,0.00767726,0.00216015,0.0166522,0.00088615
1,20,5000,0.2,0.15,1,0.00769023,0.00240252,0.0167777,0.001238
1,20,5000,0.3,0.15,1,0.00765664,0.00246106,0.0169377,0.00136336
1,20,5000,0.4,0.15,1,0.00756248,0.00235941,0.0173448,0.00106113
1,20,5000,0.5,0.15,1,0.00751734,0.00234729,0.0174818,0.00107557
1,20,5000,0.6,0.15,1,0.00748826,0.00235095,0.0175558,0.00114441
1,20,5000,0.7,0.15,1,0.00745592,0.00228372,0.0176711,0.00116312
1,20,5000,0.8,0.15,1,0.00749798,0.00232525,0.0177423,0.0012078
1,21,5000,0,0,1,0.198708,0.245409,0.200115,0.2458
1,21,5000,0.1,0,1,0.000316255,2.55072e-05,0.000433079,3.38263e-05
1,21,5000,0.2,0,1,0.00022953,3.98666e-05,0.0003408,5.84549e-05
1,21,5000,0.3,0,1,0.000202753,4.38636e-05,0.000306761,5.15162e-05
1,21,5000,0.4,0,1,0.000179174,2.79295e-05,0.0002801,4.81719e-05
1,21,5000,0.5,0,1,0.000159555,1.73162e-05,0.000241355,2.22919e-05
1,21,5000,0.6,0,1,0.000152742,1.76251e-05,0.000235623,3.14376e-05
1,21,5000,0.7,0,1,0.000155003,2.84835e-05,0.000236312,3.40161e-05
1,21,5000,0.8,0,1,0.000164866,5.65943e-05,0.000260643,9.16852e-05
1,21,5000,0,0.05,1,0.201638,0.250284,0.200115,0.2458
1,21,5000,0.1,0.05,1,0.0110126,0.00115402,0.0168637,0.000652561
1,21,5000,0.2,0.05,1,0.0109869,0.000963973,0.0170047,0.000601946
1,21,5000,0.3,0.05,1,0.0109635,0.000926073,0.0170745,0.000685477
1,21,5000,0.4,0.05,1,0.0108587,0.00102257,0.0172209,0.000820316
1,21,5000,0.5,0.05,1,0.0109029,0.000966226,0.0172219,0.000816425
1,21,5000,0.6,0.05,1,0.0109518,0.000987419,0.0170747,0.00073735
1,21,5000,0.7,0.05,1,0.0109351,0.000937459,0.0169861,0.000739462
1,21,5000,0.8,0.05,1,0.01104,0.00102598,0.0168869,0.000758949
1,21,5000,0,0.1,1,0.20391,0.25374,0.200115,0.2458
1,21,5000,0.1,0.1,1,0.00971564,0.00147829,0.0166723,0.000830861
1,21,5000,0.2,0.1,1,0.00970221,0.00143673,0.0167614,0.000882641
1,21,5000,0.3,0.1,1,0.00969641,0.00136825,0.0168395,0.000961017
1,21,5000,0.4,0.1,1,0.00967228,0.00129214,0.0169164,0.000957561
1,21,5000,0.5,0.1,1,0.0096609,0.00124539,0.0169369,0.000954112
1,21,5000,0.6,0.1,1,0.00962257,0.00124078,0.0171104,0.00101483
1,21,5000,0.7,0.1,1,0.00943972,0.0013285,0.0177766,0.00188749
1,21,5000,0.8,0.1,1,0.0095112,0.00138703,0.0175561,0.00201453
1,21,5000,0,0.15,1,0.20609,0.256254,0.200115,0.2458
1,21,5000,0.1,0.15,1,0.00911493,0.0020976,0.016552,0.000771019
1,21,5000,0.2,0.15,1,0.00924522,0.0021186,0.0165057,0.000752985
1,21,5000,0.3,0.15,1,0.00925026,0.00206395,0.016581,0.000719759
1,21,5000,0.4,0.15,1,0.00921288,0.00199357,0.0166619,0.000671999
1,21,5000,0.5,0.15,1,0.00916344,0.0019533,0.0167553,0.000596625
1,21,5000,0.6,0.15,1,0.00910622,0.00198301,0.0169149,0.000560638
1,21,5000,0.7,0.15,1,0.00911159,0.00203744,0.0169645,0.000537908
1,21,5000,0.8,0.15,1,0.00913053,0.00208514,0.0169942,0.000571491
1,22,5000,0,0,1,0.24458,0.243826,0.24488,0.242939
1,22,5000,0.1,0,1,0.000292331,2.92764e-05,0.00040976,4.03628e-05
1,22,5000,0.2,0,1,0.000202588,1.68447e-05,0.000310545,5.52096e-05
1,22,5000,0.3,0,1,0.000182618,1.66645e-05,0.000288541,4.7687e-05
1,22,5000,0.4,0,1,0.000169858,1.3817e-05,0.000275498,5.05174e-05
1,22,5000,0.5,0,1,0.000160834,1.52476e-05,0.000263701,5.08827e-05
1,22,5000,0.6,0,1,0.000159751,8.05199e-06,0.000265557,3.18028e-05
1,22,5000,0.7,0,1,0.000157139,7.70254e-06,0.000258077,2.2183e-05
1,22,5000,0.8,0,1,0.000145228,1.74246e-05,0.000242884,4.63202e-05
1,22,5000,0,0.05,1,0.2526,0.251121,0.24488,0.242939
1,22,5000,0.1,0.05,1,0.0107978,0.00113699,0.0165543,0.00107608
1,22,5000,0.2,0.05,1,0.0108239,0.0010903,0.0166093,0.00105149
1,22,5000,0.3,0.05,1,0.0108175,0.0010437,0.0165843,0.000881072
1,22,5000,0.4,0.05,1,0.0107792,0.000974191,0.0166264,0.000776085
1,22,5000,0.5,0.05,1,0.0107391,0.000895508,0.016714,0.000681112
1,22,5000,0.6,0.05,1,0.0107265,0.000911962,0.0167693,0.000694794
1,22,5000,0.7,0.05,1,0.0107056,0.000917655,0.0168707,0.000743526
1,22,5000,0.8,0.05,1,0.0104597,0.00137597,0.0174759,0.00179908
1,22,5000,0,0.1,1,0.258924,0.256942,0.24488,0.242939
1,22,5000,0.1,0.1,1,0.00925308,0.00158088,0.0163838,0.00071683
1,22,5000,0.2,0.1,1,0.00922902,0.00158135,0.0164684,0.000748844
1,22,5000,0.3,0.1,1,0.00920815,0.00157599,0.0165167,0.000794471
1,22,5000,0.4,0.1,1,0.00917638,0.00157191,0.016563,0.000821107
1,22,5000,0.5,0.1,1,0.00915594,0.00155462,0.0166047,0.000816732
1,22,5000,0.6,0.1,1,0.00914639,0.00152342,0.0166554,0.00077501
1,22,5000,0.7,0.1,1,0.00916068,0.00148305,0.0168374,0.000771996
1,22,5000,0.8,0.1,1,0.00919631,0.0014674,0.016852,0.00075104
1,22,5000,0,0.15,1,0.265334,0.26147,0.24488,0.242939
1,22,5000,0.1,0.15,1,0.00801411,0.00205265,0.0165947,0.000405091
1,22,5000,0.2,0.15,1,0.00804142,0.00200673,0.0166955,0.000235852
1,22,5000,0.3,0.15,1,0.00807393,0.0019696,0.0168343,0.00032636
1,22,5000,0.4,0.15,1,0.00810992,0.00195356,0.0169182,0.000449014
1,22,5000,0.5,0.15,1,0.00809528,0.00194937,0.0170488,0.000528898
1,22,5000,0.6,0.15,1,0.00808343,0.00194268,0.0171873,0.000568596
1,22,5000,0.7,0.15,1,0.00806635,0.00196662,0.0172241,0.000508545
1,22,5000,0.8,0.15,1,0.00805355,0.00198062,0.0172788,0.000506349
1,23,5000,0,0,1,0.302408,0.355326,0.302974,0.354666
1,23,5000,0.1,0,1,0.000308122,2.11047e-05,0.000411139,3.43022e-05
1,23,5000,0.2,0,1,0.000203275,1.05289e-05,0.000298642,2.26211e-05
1,23,5000,0.3,0,1,0.000174157,1.49518e-05,0.00026568,3.83899e-05
1,23,5000,0.4,0,1,0.000162139,1.37005e-05,0.000248719,4.46052e-05
1,23,5000,0.5,0,1,0.000152704,1.40812e-05,0.00023625,3.98051e-05
1,23,5000,0.6,0,1,0.000148122,1.13467e-05,0.000236136,3.87327e-05
1,23,5000,0.7,0,1,0.000146312,1.40323e-05,0.000235331,3.13773e-05
1,23,5000,0.8,0,1,0.000142637,1.03815e-05,0.000232581,1.88195e-05
1,23,5000,0,0.05,1,0.310972,0.364841,0.302974,0.354666
1,23,5000,0.1,0.05,1,0.0108105,0.001156,0.0158208,0.00114219
1,23,5000,0.2,0.05,1,0.0107728,0.00116096,0.0158459,0.00104687
1,23,5000,0.3,0.05,1,0.0106999,0.00120756,0.0160454,0.00118918
1,23,5000,0.4,0.05,1,0.0107743,0.00107602,0.0160261,0.000960391
1,23,5000,0.5,0.05,1,0.0105319,0.00131625,0.0167753,0.00211911
1,23,5000,0.6,0.05,1,0.0106021,0.00117066,0.0169298,0.00235025
1,23,5000,0.7,0.05,1,0.0105094,0.00130017,0.0167755,0.00182001
1,23,5000,0.8,0.05,1,0.0105419,0.00128312,0.0168672,0.00178796
2,6,5000,0.1,0,1,0.000265409,1.22116e-05,0.000316794,1.5049e-05
2,6,5000,0.2,0,1,0.000215028,3.25654e-05,0.000270492,3.09212e-05
2,6,5000,0.3,0,1,0.000195096,3.56228e-05,0.000243378,3.84257e-05
2,6,5000,0.4,0,1,0.000182585,3.0576e-05,0.000233332,2.69599e-05
2,6,5000,0.5,0,1,0.000175147,2.65908e-05,0.000222036,2.63425e-05
2,6,5000,0.6,0,1,0.00018189,1.99407e-05,0.0002277,2.41415e-05
2,6,5000,0.7,0,1,0.0001786,1.98242e-05,0.000223259,2.93247e-05
2,6,5000,0.8,0,1,0.000177289,2.33666e-05,0.000223366,2.68675e-05
2,7,5000,0.1,0,1,0.000253042,1.69722e-05,0.000302684,1.36968e-05
2,7,5000,0.2,0,1,0.000213158,2.13833e-05,0.000262513,1.82619e-05
2,7,5000,0.3,0,1,0.000195419,2.88365e-05,0.000248527,2.71834e-05
2,7,5000,0.4,0,1,0.000182425,3.32608e-05,0.000239154,3.09431e-05
2,7,5000,0.5,0,1,0.000177346,3.2743e-05,0.000231378,3.00721e-05
2,7,5000,0.6,0,1,0.000163324,2.76335e-05,0.000224235,2.85377e-05
2,7,5000,0.7,0,1,0.000159778,3.2647e-05,0.000219758,3.75226e-05
2,7,5000,0.8,0,1,0.000154756,2.66296e-05,0.000211802,2.9958e-05
2,8,5000,0.1,0,1,0.00024072,2.42562e-05,0.000296986,3.23125e-05
2,8,5000,0.2,0,1,0.000180124,3.58672e-05,0.000236214,4.03752e-05
2,8,5000,0.3,0,1,0.000154332,2.77999e-05,0.000206775,2.9723e-05
2,8,5000,0.4,0,1,0.000167162,3.69572e-05,0.000217075,4.00724e-05
2,8,5000,0.5,0,1,0.000157495,3.72172e-05,0.000210547,4.00484e-05
2,8,5000,0.6,0,1,0.000149118,3.60469e-05,0.00020916,4.29995e-05
2,8,5000,0.7,0,1,0.000140091,2.74037e-05,0.000196598,2.28785e-05
2,8,5000,0.8,0,1,0.000145392,4.76005e-05,0.000199709,4.50164e-05
2,9,5000,0.1,0,1,0.000240529,2.57702e-05,0.000309986,3.61767e-05
2,9,5000,0.2,0,1,0.000183664,2.42265e-05,0.000244731,3.25583e-05
2,9,5000,0.3,0,1,0.000158552,2.91318e-05,0.000223128,4.03029e-05
2,9,5000,0.4,0,1,0.000142725,1.12585e-05,0.000199842,1.29589e-05
2,9,5000,0.5,0,1,0.000123034,2.33256e-05,0.000176102,2.27552e-05
2,9,5000,0.6,0,1,0.0001168,1.60362e-05,0.000170091,1.26075e-05
2,9,5000,0.7,0,1,0.000106726,1.42825e-05,0.000159279,9.5615e-06
2,9,5000,0.8,0,1,0.000105213,1.10629e-05,0.000160122,9.52834e-06
2,10,5000,0.1,0,1,0.000229566,2.07036e-05,0.000303121,3.05959e-05
2,10,5000,0.2,0,1,0.000179487,2.27877e-05,0.000243791,2.29302e-05
2,10,5000,0.3,0,1,0.000144529,2.30978e-05,0.000209824,2.60245e-05
2,10,5000,0.4,0,1,0.000122456,1.47302e-05,0.000181885,1.68945e-05
2,10,5000,0.5,0,1,0.00011061,1.41142e-05,0.000168638,1.7349e-05
2,10,5000,0.6,0,1,0.000113544,9.92568e-06,0.000178621,9.03667e-06
2,10,5000,0.7,0,1,9.85938e-05,9.90228e-06,0.000162918,1.46027e-05
2,10,5000,0.8,0,1,9.65149e-05,8.36726e-06,0.000161631,1.21425e-05
2,11,5000,0.1,0,1,0.000236071,1.4965e-05,0.000303954,3.51003e-05
2,11,5000,0.2,0,1,0.000180996,2.09548e-05,0.000245673,3.67812e-05
2,11,5000,0.3,0,1,0.000146843,2.25438e-05,0.000213669,3.59176e-05
2,11,5000,0.4,0,1,0.000125643,1.36601e-05,0.000183508,1.87338e-05
2,11,5000,0.5,0,1,0.000117639,2.12134e-05,0.000181798,2.13938e-05
2,11,5000,0.6,0,1,0.000114665,1.53796e-05,0.000177299,1.7484e-05
2,11,5000,0.7,0,1,9.73096e-05,6.75812e-06,0.000158686,1.16528e-05
2,11,5000,0.8,0,1,9.57483e-05,4.86443e-06,0.000160223,1.09748e-05
2,12,5000,0.1,0,1,0.000228409,2.43573e-05,0.000293695,2.46122e-05
2,12,5000,0.2,0,1,0.000175945,2.62065e-05,0.000238878,2.42799e-05
2,12,5000,0.3,0,1,0.000137327,2.91658e-05,0.000194493,3.42744e-05
2,12,5000,0.4,0,1,0.000122636,2.93713e-05,0.000179551,3.33574e-05
2,12,5000,0.5,0,1,0.000116632,3.55807e-05,0.000176477,3.71702e-05
2,12,5000,0.6,0,1,0.000108701,3.04872e-05,0.000174503,3.337e-05
2,12,5000,0.7,0,1,8.90924e-05,1.07013e-05,0.000155627,1.42622e-05
2,12,5000,0.8,0,1,8.81576e-05,1.16453e-05,0.000153325,1.75076e-05
2,13,5000,0.1,0,1,0.000210015,7.18547e-06,0.000280465,1.64326e-05
2,13,5000,0.2,0,1,0.000140823,1.30612e-05,0.000206586,1.44977e-05
2,13,5000,0.3,0,1,0.000123122,2.14558e-05,0.000179443,2.20989e-05
2,13,5000,0.4,0,1,9.49288e-05,9.34193e-06,0.000152972,9.56785e-06
2,13,5000,0.5,0,1,8.8104e-05,7.3191e-06,0.000149162,4.78678e-06
2,13,5000,0.6,0,1,8.47981e-05,4.57534e-06,0.000149319,1.20404e-05
2,13,5000,0.7,0,1,8.06584e-05,3.88899e-06,0.000146218,6.00382e-06
2,13,5000,0.8,0,1,8.02052e-05,3.84566e-06,0.000148269,3.76688e-06
2,14,5000,0.1,0,1,0.000205273,2.83911e-05,0.000276289,2.8664e-05
2,14,5000,0.2,0,1,0.000136452,1.83903e-05,0.000204017,1.21277e-05
2,14,5000,0.3,0,1,0.000110264,1.32707e-05,0.000175796,1.11728e-05
2,14,5000,0.4,0,1,0.000100798,1.90209e-05,0.000166008,2.02766e-05
2,14,5000,0.5,0,1,9.75841e-05,1.64454e-05,0.000171812,1.49848e-05
2,14,5000,0.6,0,1,8.60865e-05,1.25869e-05,0.000158947,1.9863e-05
2,14,5000,0.7,0,1,8.84478e-05,2.22326e-05,0.00016378,2.5384e-05
2,14,5000,0.8,0,1,8.50217e-05,2.28738e-05,0.000166457,3.27642e-05
2,15,5000,0.1,0,1,0.000209944,2.35807e-05,0.000291945,4.20932e-05
2,15,5000,0.2,0,1,0.000138611,1.9324e-05,0.000210963,1.91259e-05
2,15,5000,0.3,0,1,0.000110385,1.94555e-05,0.000194204,3.63067e-05
2,15,5000,0.4,0,1,9.35783e-05,9.5148e-06,0.000173293,1.74105e-05
2,15,5000,0.5,0,1,8.24572e-05,5.35958e-06,0.000158527,2.05868e-05
2,15,5000,0.6,0,1,8.30163e-05,1.64859e-05,0.000153595,2.44589e-05
2,15,5000,0.7,0,1,7.31451e-05,6.76244e-06,0.000147252,3.15518e-05
2,15,5000,0.8,0,1,7.11336e-05,5.14027e-06,0.00014512,1.68265e-05
2,16,5000,0.1,0,1,0.000193364,3.06878e-05,0.000282688,3.86754e-05
2,16,5000,0.2,0,1,0.000139856,3.00561e-05,0.000219495,2.56832e-05
2,16,5000,0.3,0,1,0.000104976,1.61666e-05,0.000176215,1.86581e-05
2,16,5000,0.4,0,1,8.77282e-05,1.03717e-05,0.000163697,1.66138e-05
2,16,5000,0.5,0,1,8.15011e-05,1.05989e-05,0.000171495,4.51086e-05
2,16,5000,0.6,0,1,7.91426e-05,7.59675e-06,0.000164919,2.88244e-05
2,16,5000,0.7,0,1,7.24624e-05,9.32682e-06,0.000155359,1.25062e-05
2,16,5000,0.8,0,1,6.80617e-05,4.21663e-06,0.000145465,7.80303e-06
2,17,5000,0.1,0,1,0.000202109,5.50662e-06,0.000287768,1.20051e-05
2,17,5000,0.2,0,1,0.000144311,4.58134e-06,0.000214137,1.48718e-05
2,17,5000,0.3,0,1,0.000110939,1.00301e-05,0.000184517,1.73223e-05
2,17,5000,0.4,0,1,9.43125e-05,6.66161e-06,0.000171467,1.34575e-05
2,17,5000,0.5,0,1,8.81147e-05,6.73642e-06,0.000161577,1.25774e-05
2,17,5000,0.6,0,1,7.84766e-05,8.32933e-06,0.000161306,1.01921e-05
2,17,5000,0.7,0,1,8.30883e-05,1.16899e-05,0.000167584,1.25647e-05
2,17,5000,0.8,0,1,7.73762e-05,1.99655e-05,0.000174495,3.59923e-05
2,18,5000,0.1,0,1,0.000199151,2.027e-05,0.000294438,3.39795e-05
2,18,5000,0.2,0,1,0.000125707,8.55522e-06,0.000209131,2.61899e-05
2,18,5000,0.3,0,1,9.67206e-05,9.05366e-06,0.000178851,1.28968e-05
2,18,5000,0.4,0,1,8.35148e-05,1.93267e-06,0.000161466,1.78421e-05
2,18,5000,0.5,0,1,7.54237e-05,4.64608e-06,0.000160746,1.98058e-05
2,18,5000,0.6,0,1,7.09581e-05,7.94162e-06,0.000162509,2.57697e-05
2,18,5000,0.7,0,1,6.4364e-05,6.76643e-06,0.000149742,1.62785e-05
2,18,5000,0.8,0,1,6.56797e-05,1.00567e-05,0.000152894,2.49185e-05
2,19,5000,0.1,0,1,0.00019564,2.63955e-05,0.000274012,2.82553e-05
2,19,5000,0.2,0,1,0.000135185,2.54151e-05,0.000212604,2.92691e-05
2,19,5000,0.3,0,1,0.000104021,2.04602e-05,0.000181379,1.8367e-05
2,19,5000,0.4,0,1,9.06218e-05,6.64584e-06,0.00017539,1.39919e-05
2,19,5000,0.5,0,1,7.57718e-05,5.74697e-06,0.00015597,6.54791e-06
2,19,5000,0.6,0,1,6.70643e-05,4.07058e-06,0.000146858,8.415e-06
2,19,5000,0.7,0,1,6.21027e-05,7.83043e-06,0.000142648,1.64725e-05
2,19,5000,0.8,0,1,6.36373e-05,9.09663e-06,0.000151807,2.94908e-05
2,20,5000,0.1,0,1,0.000181145,2.02339e-05,0.00026704,2.57226e-05
2,20,5000,0.2,0,1,0.000115279,1.92257e-05,0.000205481,2.46181e-05
2,20,5000,0.3,0,1,9.33725e-05,2.29089e-05,0.000179851,3.03788e-05
2,20,5000,0.4,0,1,7.65842e-05,4.63978e-06,0.00015793,1.21914e-05
2,20,5000,0.5,0,1,6.64582e-05,2.60722e-06,0.000147345,1.10426e-05
2,20,5000,0.6,0,1,6.18864e-05,3.1208e-06,0.000141246,6.73845e-06
2,20,5000,0.7,0,1,6.10593e-05,3.92178e-06,0.000144061,1.70654e-05
2,20,5000,0.8,0,1,5.53842e-05,3.16277e-06,0.000137002,8.27153e-06
2,21,5000,0.1,0,1,0.000172072,2.0822e-05,0.000245503,3.08644e-05
2,21,5000,0.2,0,1,0.000109806,1.69961e-05,0.000188988,2.90449e-05
2,21,5000,0.3,0,1,8.29864e-05,6.41193e-06,0.000171297,2.57334e-05
2,21,5000,0.4,0,1,7.81493e-05,5.26877e-06,0.000161229,1.54499e-05
2,21,5000,0.5,0,1,7.21663e-05,6.88484e-06,0.000151384,2.02662e-05
2,21,5000,0.6,0,1,6.65771e-05,1.04366e-05,0.000153046,2.40648e-05
2,21,5000,0.7,0,1,5.92745e-05,6.63053e-06,0.000142241,1.41791e-05
2,21,5000,0.8,0,1,5.47977e-05,7.17064e-06,0.000141027,2.47256e-05
2,22,5000,0.1,0,1,0.000190513,1.31203e-05,0.000277841,1.8263e-05
2,22,5000,0.2,0,1,0.000124476,1.93682e-05,0.000212123,2.87007e-05
2,22,5000,0.3,0,1,9.71741e-05,1.72307e-05,0.000194729,1.96222e-05
2,22,5000,0.4,0,1,8.18139e-05,7.76163e-06,0.000177921,1.49548e-05
2,22,5000,0.5,0,1,7.06589e-05,4.19539e-06,0.000163333,1.81486e-05
2,22,5000,0.6,0,1,6.50151e-05,5.73976e-06,0.000160824,2.36448e-05
2,22,5000,0.7,0,1,6.06696e-05,4.93025e-06,0.000181657,3.44927e-05
2,22,5000,0.8,0,1,5.61203e-05,2.11587e-06,0.000161946,2.35299e-05
2,23,5000,0.1,0,1,0.000168522,1.69083e-05,0.000260025,2.56781e-05
2,23,5000,0.2,0,1,0.000118522,1.70486e-05,0.000209251,2.59294e-05
2,23,5000,0.3,0,1,9.5468e-05,1.47937e-05,0.000187765,3.06625e-05
2,23,5000,0.4,0,1,7.58287e-05,1.29475e-05,0.000168073,2.5004e-05
2,23,5000,0.5,0,1,6.95942e-05,1.08717e-05,0.000159632,2.44558e-05
2,23,5000,0.6,0,1,5.82467e-05,6.07357e-06,0.000155457,1.44366e-05
2,23,5000,0.7,0,1,5.45937e-05,3.99497e-06,0.000156583,1.81257e-05
2,23,5000,0.8,0,1,5.31569e-05,5.88701e-06,0.000149144,1.34939e-05
2,24,5000,0.1,0,1,0.000175255,1.44772e-05,0.000258466,1.5841e-05
3,6,5000,0.1,0,1,0.000275341,1.27548e-05,0.000318511,2.29192e-05
3,6,5000,0.2,0,1,0.000238034,1.32236e-05,0.000283679,7.64307e-06
3,6,5000,0.3,0,1,0.000228657,2.16801e-05,0.000283875,3.58645e-05
3,6,5000,0.4,0,1,0.000210835,2.72513e-05,0.000259924,3.32166e-05
3,6,5000,0.5,0,1,0.000191005,2.66725e-05,0.000238954,4.10087e-05
3,6,5000,0.6,0,1,0.000186045,2.43283e-05,0.000238611,3.85822e-05
3,6,5000,0.7,0,1,0.000182913,1.72214e-05,0.000227852,1.75496e-05
3,6,5000,0.8,0,1,0.000169965,1.85364e-05,0.000219732,2.35758e-05
3,7,5000,0.1,0,1,0.000268841,4.8955e-06,0.000330106,2.21016e-05
3,7,5000,0.2,0,1,0.000236563,2.3933e-05,0.000287031,2.59163e-05
3,7,5000,0.3,0,1,0.000202582,2.02536e-05,0.000254787,1.90842e-05
3,7,5000,0.4,0,1,0.000177384,2.53698e-05,0.000236096,2.70172e-05
3,7,5000,0.5,0,1,0.000164603,1.92527e-05,0.000219674,1.61102e-05
3,7,5000,0.6,0,1,0.000156697,2.10395e-05,0.000216665,3.32441e-05
3,7,5000,0.7,0,1,0.000137894,2.74658e-05,0.000190376,3.53454e-05
3,7,5000,0.8,0,1,0.000143129,2.9098e-05,0.000195709,4.02143e-05
3,8,5000,0.1,0,1,0.000246787,1.68586e-05,0.000304764,2.78878e-05
3,8,5000,0.2,0,1,0.000207101,3.9299e-05,0.000265536,4.8511e-05
3,8,5000,0.3,0,1,0.000167599,3.29785e-05,0.000220421,3.62114e-05
3,8,5000,0.4,0,1,0.000136362,1.26418e-05,0.000184361,1.85858e-05
3,8,5000,0.5,0,1,0.000118971,1.22707e-05,0.00017354,2.00046e-05
3,8,5000,0.6,0,1,0.000110502,6.7955e-06,0.000165087,6.73661e-06
3,8,5000,0.7,0,1,0.00010912,7.67668e-06,0.000166965,1.15813e-05
3,8,5000,0.8,0,1,0.000114116,1.30723e-05,0.000173893,1.57679e-05
3,9,5000,0.1,0,1,0.000236944,2.72938e-05,0.000298935,4.13767e-05
3,9,5000,0.2,0,1,0.000186735,3.0895e-05,0.000245138,3.29429e-05
3,9,5000,0.3,0,1,0.000154097,3.42615e-05,0.000213675,3.63324e-05
3,9,5000,0.4,0,1,0.000124377,2.34455e-05,0.000179153,1.79879e-05
3,9,5000,0.5,0,1,0.000109375,1.38039e-05,0.000169628,1.82644e-05
3,9,5000,0.6,0,1,0.000119118,2.68368e-05,0.000183489,3.12734e-05
3,9,5000,0.7,0,1,0.000114506,3.00017e-05,0.000177228,3.16454e-05
3,9,5000,0.8,0,1,0.000115682,2.84459e-05,0.0001804,3.65446e-05
3,10,5000,0.1,0,1,0.00023803,2.08753e-05,0.000309243,3.01186e-05
3,10,5000,0.2,0,1,0.00018184,2.88176e-05,0.000250585,2.71616e-05
3,10,5000,0.3,0,1,0.000155319,2.5509e-05,0.000219921,2.18787e-05
3,10,5000,0.4,0,1,0.000135868,2.4326e-05,0.000197657,1.55781e-05
3,10,5000,0.5,0,1,0.000115346,2.55032e-05,0.000180053,2.57409e-05
3,10,5000,0.6,0,1,0.00011796,3.46246e-05,0.00018808,4.1668e-05
3,10,5000,0.7,0,1,0.000107156,2.09013e-05,0.000174182,3.0073e-05
3,10,5000,0.8,0,1,9.98619e-05,8.28523e-06,0.000174534,3.3481e-05
3,11,5000,0.1,0,1,0.000213032,1.35525e-05,0.000270495,1.89073e-05
3,11,5000,0.2,0,1,0.000170163,2.41849e-05,0.000223309,2.5738e-05
3,11,5000,0.3,0,1,0.000119862,2.04809e-05,0.000173883,2.48621e-05
3,11,5000,0.4,0,1,0.000102446,1.42415e-05,0.00015676,1.86971e-05
3,11,5000,0.5,0,1,0.000109842,2.99139e-05,0.000167827,4.30444e-05
3,11,5000,0.6,0,1,9.67288e-05,1.76745e-05,0.000166319,3.99225e-05
3,11,5000,0.7,0,1,9.65694e-05,6.27132e-06,0.000168948,2.3207e-05
3,11,5000,0.8,0,1,8.27195e-05,4.80275e-06,0.000158939,7.6743e-06
3,12,5000,0.1,0,1,0.000231293,1.5314e-05,0.000299388,1.85148e-05
3,12,5000,0.2,0,1,0.00016419,1.70458e-05,0.000225278,2.56714e-05
3,12,5000,0.3,0,1,0.000139639,1.55947e-05,0.000200897,1.79312e-05
3,12,5000,0.4,0,1,0.000130615,2.78749e-05,0.000200138,1.7013e-05
3,12,5000,0.5,0,1,0.000113316,2.25615e-05,0.000197337,3.89736e-05
3,12,5000,0.6,0,1,0.000103496,2.40358e-05,0.000182113,3.50818e-05
3,12,5000,0.7,0,1,0.000104312,1.46034e-05,0.000173617,2.87644e-05
3,12,5000,0.8,0,1,9.86057e-05,1.1171e-05,0.000168486,2.01822e-05
3,13,5000,0.1,0,1,0.000212178,1.79692e-05,0.000280327,1.3919e-05
3,13,5000,0.2,0,1,0.000150949,2.01086e-05,0.00022872,3.12915e-05
3,13,5000,0.3,0,1,0.000114811,1.7314e-05,0.000184133,1.32855e-05
3,13,5000,0.4,0,1,0.00011683,1.50452e-05,0.000199747,2.31465e-05
3,13,5000,0.5,0,1,9.84032e-05,1.93392e-05,0.000174883,2.58942e-05
3,13,5000,0.6,0,1,0.000100005,1.37442e-05,0.00018512,3.76177e-05
3,13,5000,0.7,0,1,8.37158e-05,1.11689e-05,0.00015607,2.71881e-05
3,13,5000,0.8,0,1,9.79549e-05,4.55739e-05,0.000172692,6.78003e-05
3,14,5000,0.1,0,1,0.000212396,3.04413e-05,0.000282463,4.25264e-05
3,14,5000,0.2,0,1,0.00014567,3.60052e-05,0.000215792,4.85891e-05
3,14,5000,0.3,0,1,0.000120217,3.71903e-05,0.000191003,4.54938e-05
3,14,5000,0.4,0,1,9.0675e-05,1.26989e-05,0.000160406,9.72745e-06
3,14,5000,0.5,0,1,7.98963e-05,7.87671e-06,0.000154804,1.16097e-05
3,14,5000,0.6,0,1,8.62483e-05,2.08238e-05,0.000170307,2.12997e-05
3,14,5000,0.7,0,1,8.10037e-05,1.28311e-05,0.000163731,1.77945e-05
3,14,5000,0.8,0,1,7.78185e-05,1.32044e-05,0.000148155,1.77665e-05
3,15,5000,0.1,0,1,0.000204181,2.94416e-05,0.000278359,3.49574e-05
3,15,5000,0.2,0,1,0.000147796,3.87561e-05,0.000218102,4.8153e-05
3,15,5000,0.3,0,1,0.00011311,2.87642e-05,0.000187115,3.07696e-05
3,15,5000,0.4,0,1,0.000107395,2.31381e-05,0.000188549,3.22986e-05
3,15,5000,0.5,0,1,9.21023e-05,1.33088e-05,0.000172375,1.82849e-05
3,15,5000,0.6,0,1,7.55745e-05,1.03429e-05,0.0001576,1.76787e-05
3,15,5000,0.7,0,1,7.69088e-05,5.74185e-06,0.000153121,9.52758e-06
3,15,5000,0.8,0,1,7.06771e-05,5.20419e-06,0.000162713,2.79584e-05
3,16,5000,0.1,0,1,0.000176771,2.71543e-05,0.000240373,3.12484e-05
3,16,5000,0.2,0,1,0.000105837,1.05558e-05,0.000174581,1.04285e-05
3,16,5000,0.3,0,1,8.44653e-05,6.18913e-06,0.000157775,8.44335e-06
3,16,5000,0.4,0,1,7.73727e-05,4.84546e-06,0.000154606,1.13352e-05
3,16,5000,0.5,0,1,6.73583e-05,3.40139e-06,0.00013954,9.52882e-06
3,16,5000,0.6,0,1,6.36033e-05,3.99142e-06,0.000137561,9.02157e-06
3,16,5000,0.7,0,1,6.4877e-05,4.22539e-06,0.000152006,1.10092e-05
3,16,5000,0.8,0,1,5.89003e-05,2.86021e-06,0.000147294,6.66129e-06
3,17,5000,0.1,0,1,0.000193128,2.26406e-05,0.000275554,1.54471e-05
3,17,5000,0.2,0,1,0.000128988,3.53467e-05,0.000200706,4.29584e-05
3,17,5000,0.3,0,1,9.97605e-05,1.65821e-05,0.000165202,1.39968e-05
3,17,5000,0.4,0,1,0.000102568,3.08956e-05,0.000188461,3.67706e-05
3,17,5000,0.5,0,1,8.97242e-05,1.93622e-05,0.000176032,2.40107e-05
3,17,5000,0.6,0,1,8.02789e-05,1.85885e-05,0.000168633,1.44396e-05
3,17,5000,0.7,0,1,7.05471e-05,1.41021e-05,0.000154324,1.7552e-05
3,17,5000,0.8,0,1,7.19866e-05,1.91653e-05,0.00015749,1.04407e-05
3,18,5000,0.1,0,1,0.000190191,3.30971e-05,0.000274295,3.49217e-05
3,18,5000,0.2,0,1,0.000126476,2.84473e-05,0.000210074,2.87909e-05
3,18,5000,0.3,0,1,9.29099e-05,1.15794e-05,0.000178657,2.0388e-05
3,18,5000,0.4,0,1,7.73353e-05,4.99657e-06,0.000170452,1.83799e-05
3,18,5000,0.5,0,1,7.07187e-05,7.08611e-06,0.00015159,1.24267e-05
3,18,5000,0.6,0,1,7.08578e-05,1.87728e-05,0.000159298,1.74657e-05
3,18,5000,0.7,0,1,7.46012e-05,3.12558e-05,0.000165373,1.99603e-05
3,18,5000,0.8,0,1,5.84867e-05,1.11268e-05,0.000141823,1.56399e-05
3,19,5000,0.1,0,1,0.000168866,2.00311e-05,0.000242383,2.17609e-05
3,19,5000,0.2,0,1,9.77151e-05,3.68095e-06,0.000169138,6.4692e-06
3,19,5000,0.3,0,1,8.00749e-05,3.77625e-06,0.000156504,1.16691e-05
3,19,5000,0.4,0,1,7.2943e-05,8.03243e-06,0.000153751,8.77759e-06
3,19,5000,0.5,0,1,6.23567e-05,4.01618e-06,0.000149939,9.68384e-06
3,19,5000,0.6,0,1,6.14815e-05,2.69805e-06,0.00015491,2.18984e-05
3,19,5000,0.7,0,1,6.00194e-05,7.69887e-06,0.000139543,1.98437e-05
3,19,5000,0.8,0,1,5.48006e-05,4.05128e-06,0.000143022,1.40096e-05
3,20,5000,0.1,0,1,0.000166059,3.13515e-05,0.000248104,2.96901e-05
3,20,5000,0.2,0,1,0.000108611,2.21464e-05,0.000193159,2.30513e-05
