0 0.20087 0 0
1 0.196393 0.201541 0
2 0.192428 0.198336 0
3 0.188644 0.195749 0
4 0.184906 0.193392 0
5 0.181153 0.191099 0
6 0.177363 0.188781 0
7 0.173531 0.186385 0
8 0.169675 0.18389 0
9 0.165819 0.181321 0
10 0.161985 0.178714 0
11 0.158183 0.176081 0
12 0.154404 0.173396 0
13 0.150638 0.170626 0
14 0.146897 0.167763 0
15 0.143196 0.164831 0
16 0.139524 0.16187 0
17 0.135878 0.158901 0
18 0.132275 0.155933 0
19 0.128724 0.152969 0
20 0.125212 0.150006 0
21 0.121714 0.147021 0
22 0.11822 0.143977 0
23 0.114746 0.140857 0
24 0.111352 0.137683 0
25 0.108111 0.134528 0
26 0.10506 0.131493 0
27 0.102185 0.128636 0
28 0.0994554 0.125954 0
29 0.0968463 0.123424 0
30 0.0943461 0.121024 0
31 0.0919535 0.11874 0
32 0.089667 0.116563 0
33 0.0874774 0.114483 0
34 0.0853717 0.112486 0
35 0.0833387 0.110555 0
36 0.0813717 0.108672 0
37 0.0794687 0.106824 0
38 0.0776306 0.104999 0
39 0.0758598 0.103197 0
40 0.0741607 0.101424 0
41 0.0725383 0.0996935 0
42 0.0709975 0.0980196 0
43 0.0695416 0.0964151 0
44 0.0681706 0.0948891 0
45 0.0668804 0.0934454 0
46 0.0656647 0.0920841 0
47 0.0645158 0.0908015 0
48 0.0634269 0.0895928 0
49 0.0623919 0.0884526 0
50 0.061406 0.0873759 0
51 0.0604655 0.0863584 0
52 0.059567 0.085396 0
53 0.0587075 0.0844851 0
54 0.057884 0.0836218 0
55 0.0570933 0.0828023 0
56 0.0563327 0.0820229 0
57 0.0555996 0.0812801 0
58 0.0548916 0.0805705 0
59 0.0542067 0.0798912 0
60 0.0535429 0.0792395 0
61 0.0528988 0.0786131 0
62 0.0522729 0.0780096 0
63 0.051664 0.0774274 0
64 0.0510709 0.0768647 0
65 0.0504927 0.0763201 0
66 0.0499283 0.0757921 0
67 0.0493768 0.0752797 0
68 0.0488375 0.0747817 0
69 0.0483096 0.0742974 0
70 0.0477925 0.0738258 0
71 0.0472856 0.0733664 0
72 0.0467883 0.0729186 0
73 0.0463004 0.072482 0
74 0.0458215 0.0720563 0
75 0.0453514 0.0716411 0
76 0.0448902 0.0712365 0
77 0.0444382 0.0708422 0
78 0.0439954 0.0704581 0
79 0.0435624 0.0700844 0
80 0.0431394 0.0697208 0
81 0.0427265 0.0693674 0
82 0.0423235 0.0690241 0
83 0.0419304 0.0686907 0
84 0.0415468 0.0683671 0
85 0.0411724 0.068053 0
86 0.0408068 0.0677484 0
87 0.0404497 0.0674528 0
88 0.0401007 0.0671662 0
89 0.0397596 0.0668883 0
90 0.039426 0.0666187 0
91 0.0390999 0.0663574 0
92 0.0387809 0.066104 0
93 0.0384691 0.0658583 0
94 0.0381641 0.0656201 0
95 0.0378659 0.0653891 0
96 0.0375743 0.065165 0
97 0.0372892 0.0649476 0
98 0.0370104 0.0647367 0
99 0.0367378 0.0645318 0
100 0.0364711 0.0643328 0
101 0.0362102 0.0641393 0
102 0.0359549 0.0639511 0
103 0.0357049 0.0637679 0
104 0.03546 0.0635894 0
105 0.03522 0.0634154 0
106 0.0349846 0.0632457 0
107 0.0347538 0.0630799 0
108 0.0345273 0.0629179 0
109 0.0343048 0.0627594 0
110 0.0340863 0.0626043 0
111 0.0338715 0.0624524 0
112 0.0336603 0.0623035 0
113 0.0334524 0.0621574 0
114 0.0332479 0.0620141 0
115 0.0330466 0.0618733 0
116 0.0328483 0.0617349 0
117 0.032653 0.0615988 0
118 0.0324606 0.0614649 0
119 0.0322712 0.0613331 0
120 0.0320846 0.0612033 0
121 0.0319008 0.0610756 0
122 0.0317199 0.0609498 0
123 0.0315419 0.0608259 0
124 0.0313666 0.0607039 0
125 0.0311941 0.0605838 0
126 0.0310243 0.0604656 0
127 0.0308572 0.0603493 0
128 0.0306928 0.060235 0
129 0.0305309 0.0601225 0
130 0.0303716 0.060012 0
131 0.0302148 0.0599033 0
132 0.0300604 0.0597965 0
133 0.0299083 0.0596915 0
134 0.0297586 0.0595883 0
135 0.0296111 0.0594869 0
136 0.0294658 0.0593872 0
137 0.0293226 0.0592892 0
138 0.0291815 0.0591929 0
139 0.0290424 0.0590981 0
140 0.0289051 0.059005 0
141 0.0287698 0.0589134 0
142 0.0286362 0.0588232 0
143 0.0285044 0.0587345 0
144 0.0283743 0.0586472 0
145 0.0282457 0.0585613 0
146 0.0281187 0.0584767 0
147 0.0279931 0.0583933 0
148 0.027869 0.0583112 0
149 0.0277462 0.0582303 0
150 0.0276248 0.0581506 0
151 0.0275046 0.0580721 0
152 0.0273856 0.0579946 0
153 0.0272678 0.0579182 0
154 0.0271511 0.0578429 0
155 0.0270355 0.0577687 0
156 0.026921 0.0576954 0
157 0.0268076 0.0576231 0
158 0.0266952 0.0575519 0
159 0.0265838 0.0574815 0
160 0.0264734 0.0574122 0
161 0.026364 0.0573437 0
162 0.0262556 0.0572761 0
163 0.0261482 0.0572094 0
164 0.0260418 0.0571436 0
165 0.0259363 0.0570787 0
166 0.0258318 0.0570146 0
167 0.0257283 0.0569513 0
168 0.0256258 0.0568887 0
169 0.0255242 0.056827 0
170 0.0254236 0.0567661 0
171 0.0253239 0.0567059 0
172 0.0252251 0.0566465 0
173 0.0251272 0.0565878 0
174 0.0250302 0.0565298 0
175 0.0249341 0.0564726 0
176 0.0248389 0.056416 0
177 0.0247444 0.0563602 0
178 0.0246507 0.0563052 0
179 0.0245578 0.0562508 0
180 0.0244656 0.0561971 0
181 0.0243741 0.0561442 0
182 0.0242833 0.0560919 0
183 0.0241932 0.0560404 0
184 0.0241036 0.0559895 0
185 0.0240147 0.0559393 0
186 0.0239263 0.0558898 0
187 0.0238386 0.0558409 0
188 0.0237514 0.0557926 0
189 0.0236648 0.055745 0
190 0.0235788 0.0556979 0
191 0.0234933 0.0556513 0
192 0.0234085 0.0556052 0
193 0.0233243 0.0555596 0
194 0.0232408 0.0555145 0
195 0.0231579 0.0554697 0
196 0.0230756 0.0554253 0
197 0.022994 0.0553811 0
198 0.0229131 0.0553373 0
199 0.0228328 0.0552938 0
200 0.0227532 0.0552504 0
201 0.0226743 0.0552073 0
202 0.022596 0.0551644 0
203 0.0225183 0.0551217 0
204 0.0224412 0.0550791 0
205 0.0223647 0.0550368 0
206 0.0222888 0.0549946 0
207 0.0222134 0.0549526 0
208 0.0221385 0.0549107 0
209 0.0220642 0.054869 0
210 0.0219903 0.0548274 0
211 0.0219169 0.054786 0
212 0.0218441 0.0547448 0
213 0.0217716 0.0547036 0
214 0.0216997 0.0546626 0
215 0.0216282 0.0546217 0
216 0.0215572 0.0545809 0
217 0.0214866 0.0545402 0
218 0.0214164 0.0544996 0
219 0.0213468 0.0544591 0
220 0.0212775 0.0544186 0
221 0.0212087 0.0543782 0
222 0.0211404 0.0543379 0
223 0.0210725 0.0542977 0
224 0.0210049 0.0542576 0
225 0.0209378 0.0542177 0
226 0.0208711 0.0541779 0
227 0.0208048 0.0541383 0
228 0.0207389 0.0540989 0
229 0.0206734 0.0540598 0
230 0.0206083 0.0540209 0
231 0.0205435 0.0539823 0
232 0.0204791 0.0539441 0
233 0.0204151 0.0539063 0
234 0.0203515 0.0538689 0
235 0.0202883 0.0538319 0
236 0.0202254 0.0537954 0
237 0.020163 0.0537593 0
238 0.0201008 0.0537238 0
239 0.0200391 0.0536888 0
240 0.0199776 0.0536543 0
241 0.0199165 0.0536204 0
242 0.0198557 0.053587 0
243 0.0197952 0.0535541 0
244 0.019735 0.0535218 0
245 0.019675 0.05349 0
246 0.0196152 0.0534586 0
247 0.0195558 0.0534278 0
248 0.0194965 0.0533974 0
249 0.0194376 0.0533675 0
250 0.0193789 0.053338 0
251 0.0193205 0.0533088 0
252 0.0192624 0.0532799 0
253 0.0192046 0.0532512 0
254 0.0191473 0.0532228 0
255 0.0190903 0.0531945 0
256 0.0190338 0.0531663 0
257 0.0189777 0.0531383 0
258 0.018922 0.0531102 0
259 0.0188668 0.0530823 0
260 0.0188121 0.0530543 0
261 0.0187579 0.0530264 0
262 0.0187042 0.0529985 0
263 0.0186509 0.0529707 0
264 0.018598 0.0529429 0
265 0.0185457 0.0529152 0
266 0.0184937 0.0528876 0
267 0.0184422 0.05286 0
268 0.018391 0.0528326 0
269 0.0183403 0.0528053 0
270 0.01829 0.0527781 0
271 0.01824 0.0527511 0
272 0.0181905 0.0527242 0
273 0.0181413 0.0526974 0
274 0.0180924 0.0526709 0
275 0.018044 0.0526444 0
276 0.017996 0.0526182 0
277 0.0179483 0.0525921 0
278 0.017901 0.0525662 0
279 0.0178541 0.0525404 0
280 0.0178076 0.0525148 0
281 0.0177615 0.0524893 0
282 0.0177159 0.0524641 0
283 0.0176707 0.0524389 0
284 0.0176259 0.052414 0
285 0.0175815 0.0523892 0
286 0.0175375 0.0523645 0
287 0.017494 0.05234 0
288 0.0174509 0.0523157 0
289 0.0174082 0.0522916 0
290 0.0173659 0.0522676 0
291 0.0173241 0.0522438 0
292 0.0172826 0.0522201 0
293 0.0172415 0.0521966 0
294 0.0172008 0.0521733 0
295 0.0171604 0.0521501 0
296 0.0171204 0.0521271 0
297 0.0170807 0.0521043 0
298 0.0170413 0.0520816 0
299 0.0170023 0.0520591 0
300 0.0169635 0.0520367 0
301 0.0169251 0.0520145 0
302 0.0168869 0.0519924 0
303 0.016849 0.0519705 0
304 0.0168114 0.0519488 0
305 0.016774 0.0519272 0
306 0.0167368 0.0519057 0
307 0.0166999 0.0518844 0
308 0.0166632 0.0518632 0
309 0.0166268 0.0518422 0
310 0.0165906 0.0518213 0
311 0.0165545 0.0518005 0
312 0.0165187 0.0517799 0
313 0.0164831 0.0517594 0
314 0.0164477 0.051739 0
315 0.0164124 0.0517188 0
316 0.0163774 0.0516986 0
317 0.0163425 0.0516786 0
318 0.0163078 0.0516587 0
319 0.0162733 0.051639 0
320 0.0162389 0.0516193 0
321 0.0162047 0.0515998 0
322 0.0161707 0.0515804 0
323 0.0161368 0.0515611 0
324 0.0161031 0.0515419 0
325 0.0160695 0.0515228 0
326 0.0160361 0.0515038 0
327 0.0160028 0.0514849 0
328 0.0159696 0.0514662 0
329 0.0159366 0.0514475 0
330 0.0159037 0.0514289 0
331 0.0158709 0.0514105 0
332 0.0158383 0.0513921 0
333 0.0158057 0.0513738 0
334 0.0157733 0.0513557 0
335 0.0157409 0.0513376 0
336 0.0157087 0.0513196 0
337 0.0156766 0.0513017 0
338 0.0156445 0.0512839 0
339 0.0156126 0.0512662 0
340 0.0155807 0.0512485 0
341 0.015549 0.051231 0
342 0.0155173 0.0512135 0
343 0.0154857 0.0511961 0
344 0.0154541 0.0511789 0
345 0.0154227 0.0511616 0
346 0.0153913 0.0511445 0
347 0.01536 0.0511275 0
348 0.0153287 0.0511105 0
349 0.0152976 0.0510937 0
350 0.0152665 0.0510769 0
351 0.0152354 0.0510602 0
352 0.0152044 0.0510436 0
353 0.0151735 0.0510271 0
354 0.0151427 0.0510106 0
355 0.0151119 0.0509943 0
356 0.0150812 0.0509781 0
357 0.0150506 0.0509619 0
358 0.01502 0.0509459 0
359 0.0149895 0.05093 0
360 0.0149591 0.0509141 0
361 0.0149287 0.0508984 0
362 0.0148984 0.0508828 0
363 0.0148682 0.0508672 0
364 0.0148381 0.0508518 0
365 0.014808 0.0508365 0
366 0.014778 0.0508213 0
367 0.0147481 0.0508062 0
368 0.0147182 0.0507913 0
369 0.0146884 0.0507764 0
370 0.0146587 0.0507617 0
371 0.014629 0.050747 0
372 0.0145994 0.0507325 0
373 0.0145699 0.0507181 0
374 0.0145404 0.0507039 0
375 0.0145111 0.0506897 0
376 0.0144817 0.0506757 0
377 0.0144525 0.0506617 0
378 0.0144232 0.0506479 0
379 0.0143941 0.0506342 0
380 0.014365 0.0506206 0
381 0.0143359 0.0506071 0
382 0.0143069 0.0505937 0
383 0.0142779 0.0505804 0
384 0.014249 0.0505672 0
385 0.0142201 0.0505541 0
386 0.0141913 0.0505411 0
387 0.0141624 0.0505282 0
388 0.0141336 0.0505154 0
389 0.0141048 0.0505027 0
390 0.0140761 0.0504901 0
391 0.0140473 0.0504776 0
392 0.0140186 0.0504652 0
393 0.0139899 0.0504528 0
394 0.0139611 0.0504405 0
395 0.0139324 0.0504283 0
396 0.0139036 0.0504162 0
397 0.0138748 0.0504042 0
398 0.013846 0.0503922 0
399 0.0138172 0.0503803 0
400 0.0137883 0.0503685 0
401 0.0137594 0.0503567 0
402 0.0137304 0.050345 0
403 0.0137014 0.0503334 0
404 0.0136723 0.0503218 0
405 0.0136432 0.0503103 0
406 0.013614 0.0502988 0
407 0.0135847 0.0502874 0
408 0.0135553 0.0502761 0
409 0.0135259 0.0502648 0
410 0.0134964 0.0502535 0
411 0.0134669 0.0502423 0
412 0.0134373 0.0502312 0
413 0.0134076 0.0502201 0
414 0.013378 0.050209 0
415 0.0133483 0.050198 0
416 0.0133186 0.050187 0
417 0.013289 0.0501761 0
418 0.0132594 0.0501652 0
419 0.0132298 0.0501543 0
420 0.0132004 0.0501435 0
421 0.013171 0.0501327 0
422 0.0131417 0.0501219 0
423 0.0131126 0.0501112 0
424 0.0130836 0.0501005 0
425 0.0130548 0.0500898 0
426 0.0130261 0.0500793 0
427 0.0129976 0.0500687 0
428 0.0129692 0.0500583 0
429 0.012941 0.0500479 0
430 0.0129129 0.0500375 0
431 0.012885 0.0500273 0
432 0.0128573 0.0500171 0
433 0.0128296 0.0500071 0
434 0.0128021 0.0499971 0
435 0.0127747 0.0499872 0
436 0.0127475 0.0499774 0
437 0.0127203 0.0499677 0
438 0.0126932 0.0499581 0
439 0.0126663 0.0499486 0
440 0.0126394 0.0499392 0
441 0.0126125 0.0499299 0
442 0.0125857 0.0499207 0
443 0.012559 0.0499116 0
444 0.0125323 0.0499026 0
445 0.0125056 0.0498936 0
446 0.0124789 0.0498848 0
447 0.0124522 0.049876 0
448 0.0124255 0.0498674 0
449 0.0123988 0.0498588 0
450 0.0123721 0.0498503 0
451 0.0123452 0.0498418 0
452 0.0123184 0.0498335 0
453 0.0122915 0.0498252 0
454 0.0122645 0.049817 0
455 0.0122374 0.0498089 0
456 0.0122102 0.0498008 0
457 0.0121829 0.0497928 0
458 0.0121556 0.0497849 0
459 0.0121281 0.0497771 0
460 0.0121007 0.0497694 0
461 0.0120732 0.0497617 0
462 0.0120456 0.0497542 0
463 0.0120182 0.0497468 0
464 0.0119908 0.0497394 0
465 0.0119636 0.0497322 0
466 0.0119365 0.0497252 0
467 0.0119098 0.0497182 0
468 0.0118833 0.0497113 0
469 0.0118572 0.0497045 0
470 0.0118314 0.0496978 0
471 0.0118061 0.0496911 0
472 0.0117811 0.0496844 0
473 0.0117566 0.0496778 0
474 0.0117325 0.0496711 0
475 0.0117087 0.0496643 0
476 0.0116853 0.0496575 0
477 0.0116623 0.0496506 0
478 0.0116396 0.0496436 0
479 0.0116173 0.0496365 0
480 0.0115952 0.0496293 0
481 0.0115734 0.0496219 0
482 0.0115519 0.0496145 0
483 0.0115307 0.0496069 0
484 0.0115097 0.0495993 0
485 0.0114889 0.0495915 0
486 0.0114684 0.0495837 0
487 0.011448 0.0495758 0
488 0.0114279 0.0495679 0
489 0.0114079 0.0495598 0
490 0.0113881 0.0495518 0
491 0.0113685 0.0495437 0
492 0.0113491 0.0495355 0
493 0.0113298 0.0495274 0
494 0.0113107 0.0495192 0
495 0.0112917 0.049511 0
496 0.0112729 0.0495028 0
497 0.0112542 0.0494946 0
498 0.0112356 0.0494865 0
499 0.0112172 0.0494783 0
500 0.0111989 0.0494701 0
501 0.0111807 0.049462 0
502 0.0111626 0.0494539 0
503 0.0111447 0.0494458 0
504 0.0111268 0.0494378 0
505 0.011109 0.0494298 0
506 0.0110914 0.0494218 0
507 0.0110738 0.0494139 0
508 0.0110563 0.049406 0
509 0.0110389 0.0493981 0
510 0.0110215 0.0493903 0
511 0.0110043 0.0493826 0
512 0.0109871 0.0493749 0
513 0.01097 0.0493672 0
514 0.0109529 0.0493596 0
515 0.0109359 0.049352 0
516 0.0109189 0.0493445 0
517 0.010902 0.0493371 0
518 0.0108851 0.0493297 0
519 0.0108683 0.0493224 0
520 0.0108514 0.0493151 0
521 0.0108346 0.0493079 0
522 0.0108178 0.0493008 0
523 0.010801 0.0492937 0
524 0.0107842 0.0492867 0
525 0.0107674 0.0492797 0
526 0.0107506 0.0492729 0
527 0.0107337 0.0492661 0
528 0.0107169 0.0492593 0
529 0.0107 0.0492527 0
530 0.0106831 0.0492461 0
531 0.0106662 0.0492397 0
532 0.0106493 0.0492333 0
533 0.0106323 0.049227 0
534 0.0106154 0.0492208 0
535 0.0105985 0.0492147 0
536 0.0105816 0.0492087 0
537 0.0105647 0.0492029 0
538 0.010548 0.0491972 0
539 0.0105313 0.0491916 0
540 0.0105147 0.0491861 0
541 0.0104982 0.0491808 0
542 0.0104819 0.0491757 0
543 0.0104657 0.0491706 0
544 0.0104497 0.0491658 0
545 0.0104338 0.0491611 0
546 0.0104181 0.0491565 0
547 0.0104026 0.0491521 0
548 0.0103873 0.0491478 0
549 0.0103721 0.0491437 0
550 0.0103571 0.0491397 0
551 0.0103422 0.0491359 0
552 0.0103275 0.0491322 0
553 0.0103129 0.0491286 0
554 0.0102984 0.0491251 0
555 0.0102841 0.0491218 0
556 0.0102699 0.0491186 0
557 0.0102558 0.0491154 0
558 0.0102419 0.0491124 0
559 0.010228 0.0491095 0
560 0.0102142 0.0491067 0
561 0.0102005 0.0491039 0
562 0.0101869 0.0491013 0
563 0.0101733 0.0490987 0
564 0.0101599 0.0490962 0
565 0.0101465 0.0490938 0
566 0.0101331 0.0490914 0
567 0.0101198 0.0490891 0
568 0.0101066 0.0490869 0
569 0.0100934 0.0490848 0
570 0.0100803 0.0490827 0
571 0.0100672 0.0490807 0
572 0.0100542 0.0490787 0
573 0.0100412 0.0490768 0
574 0.0100282 0.049075 0
575 0.0100152 0.0490732 0
576 0.0100023 0.0490714 0
577 0.00998939 0.0490697 0
578 0.00997649 0.0490681 0
579 0.00996361 0.0490665 0
580 0.00995074 0.049065 0
581 0.00993788 0.0490635 0
582 0.00992502 0.049062 0
583 0.00991216 0.0490606 0
584 0.00989931 0.0490592 0
585 0.00988645 0.0490579 0
586 0.00987358 0.0490566 0
587 0.00986071 0.0490553 0
588 0.00984783 0.049054 0
589 0.00983495 0.0490528 0
590 0.00982206 0.0490516 0
591 0.00980916 0.0490504 0
592 0.00979625 0.0490492 0
593 0.00978334 0.049048 0
594 0.00977044 0.0490468 0
595 0.00975753 0.0490457 0
596 0.00974463 0.0490445 0
597 0.00973174 0.0490433 0
598 0.00971887 0.0490421 0
599 0.00970602 0.0490409 0
600 0.0096932 0.0490396 0
601 0.00968041 0.0490383 0
602 0.00966766 0.049037 0
603 0.00965496 0.0490357 0
604 0.00964231 0.0490343 0
605 0.00962972 0.0490329 0
606 0.00961719 0.0490314 0
607 0.00960472 0.0490299 0
608 0.00959233 0.0490283 0
609 0.00958001 0.0490267 0
610 0.00956777 0.049025 0
611 0.0095556 0.0490233 0
612 0.00954352 0.0490215 0
613 0.00953152 0.0490197 0
614 0.0095196 0.0490179 0
615 0.00950777 0.0490159 0
616 0.00949602 0.049014 0
617 0.00948436 0.049012 0
618 0.00947278 0.0490099 0
619 0.00946128 0.0490078 0
620 0.00944986 0.0490057 0
621 0.00943853 0.0490035 0
622 0.00942727 0.0490013 0
623 0.0094161 0.048999 0
624 0.00940501 0.0489967 0
625 0.00939399 0.0489944 0
626 0.00938305 0.048992 0
627 0.00937219 0.0489896 0
628 0.0093614 0.0489872 0
629 0.00935069 0.0489847 0
630 0.00934005 0.0489822 0
631 0.00932949 0.0489796 0
632 0.00931899 0.0489771 0
633 0.00930857 0.0489745 0
634 0.00929821 0.0489718 0
635 0.00928793 0.0489692 0
636 0.00927771 0.0489665 0
637 0.00926756 0.0489638 0
638 0.00925748 0.048961 0
639 0.00924746 0.0489583 0
640 0.00923751 0.0489555 0
641 0.00922763 0.0489527 0
642 0.00921781 0.0489499 0
643 0.00920805 0.048947 0
644 0.00919836 0.0489442 0
645 0.00918872 0.0489413 0
646 0.00917915 0.0489384 0
647 0.00916964 0.0489355 0
648 0.0091602 0.0489326 0
649 0.00915081 0.0489296 0
650 0.00914148 0.0489267 0
651 0.00913221 0.0489237 0
652 0.00912299 0.0489207 0
653 0.00911384 0.0489178 0
654 0.00910474 0.0489148 0
655 0.0090957 0.0489118 0
656 0.00908671 0.0489088 0
657 0.00907778 0.0489058 0
658 0.0090689 0.0489028 0
659 0.00906008 0.0488998 0
660 0.00905131 0.0488967 0
661 0.00904259 0.0488937 0
662 0.00903392 0.0488907 0
663 0.0090253 0.0488877 0
664 0.00901673 0.0488847 0
665 0.00900821 0.0488817 0
666 0.00899974 0.0488786 0
667 0.00899132 0.0488756 0
668 0.00898295 0.0488726 0
669 0.00897462 0.0488696 0
670 0.00896633 0.0488666 0
671 0.0089581 0.0488636 0
672 0.0089499 0.0488606 0
673 0.00894175 0.0488577 0
674 0.00893364 0.0488547 0
675 0.00892558 0.0488517 0
676 0.00891755 0.0488488 0
677 0.00890957 0.0488458 0
678 0.00890162 0.0488428 0
679 0.00889372 0.0488399 0
680 0.00888585 0.048837 0
681 0.00887802 0.048834 0
682 0.00887023 0.0488311 0
683 0.00886248 0.0488282 0
684 0.00885476 0.0488253 0
685 0.00884707 0.0488224 0
686 0.00883943 0.0488196 0
687 0.00883181 0.0488167 0
688 0.00882423 0.0488138 0
689 0.00881668 0.048811 0
690 0.00880916 0.0488081 0
691 0.00880168 0.0488053 0
692 0.00879422 0.0488025 0
693 0.0087868 0.0487997 0
694 0.0087794 0.0487969 0
695 0.00877204 0.0487941 0
696 0.0087647 0.0487913 0
697 0.00875739 0.0487885 0
698 0.00875011 0.0487858 0
699 0.00874286 0.048783 0
700 0.00873563 0.0487803 0
701 0.00872843 0.0487776 0
702 0.00872125 0.0487748 0
703 0.0087141 0.0487721 0
704 0.00870697 0.0487694 0
705 0.00869987 0.0487668 0
706 0.00869279 0.0487641 0
707 0.00868573 0.0487614 0
708 0.0086787 0.0487588 0
709 0.00867168 0.0487561 0
710 0.00866469 0.0487535 0
711 0.00865772 0.0487509 0
712 0.00865077 0.0487483 0
713 0.00864384 0.0487457 0
714 0.00863692 0.0487431 0
715 0.00863003 0.0487405 0
716 0.00862316 0.048738 0
717 0.0086163 0.0487354 0
718 0.00860946 0.0487329 0
719 0.00860264 0.0487303 0
720 0.00859584 0.0487278 0
721 0.00858905 0.0487253 0
722 0.00858228 0.0487228 0
723 0.00857552 0.0487204 0
724 0.00856878 0.0487179 0
725 0.00856206 0.0487154 0
726 0.00855534 0.048713 0
727 0.00854865 0.0487106 0
728 0.00854196 0.0487082 0
729 0.0085353 0.0487058 0
730 0.00852864 0.0487034 0
731 0.008522 0.048701 0
732 0.00851537 0.0486987 0
733 0.00850875 0.0486963 0
734 0.00850214 0.048694 0
735 0.00849555 0.0486917 0
736 0.00848897 0.0486894 0
737 0.0084824 0.0486871 0
738 0.00847584 0.0486848 0
739 0.00846929 0.0486826 0
740 0.00846276 0.0486803 0
741 0.00845623 0.0486781 0
742 0.00844972 0.0486759 0
743 0.00844322 0.0486738 0
744 0.00843673 0.0486716 0
745 0.00843025 0.0486694 0
746 0.00842378 0.0486673 0
747 0.00841732 0.0486652 0
748 0.00841087 0.0486631 0
749 0.00840443 0.0486611 0
750 0.00839801 0.048659 0
751 0.0083916 0.048657 0
752 0.00838519 0.048655 0
753 0.0083788 0.048653 0
754 0.00837243 0.0486511 0
755 0.00836606 0.0486491 0
756 0.00835971 0.0486472 0
757 0.00835337 0.0486453 0
758 0.00834704 0.0486435 0
759 0.00834072 0.0486416 0
760 0.00833442 0.0486398 0
761 0.00832813 0.0486381 0
762 0.00832186 0.0486363 0
763 0.0083156 0.0486346 0
764 0.00830936 0.0486329 0
765 0.00830313 0.0486312 0
766 0.00829691 0.0486296 0
767 0.00829071 0.048628 0
768 0.00828453 0.0486264 0
769 0.00827836 0.0486248 0
770 0.00827221 0.0486233 0
771 0.00826608 0.0486218 0
772 0.00825996 0.0486203 0
773 0.00825386 0.0486189 0
774 0.00824777 0.0486175 0
775 0.0082417 0.0486161 0
776 0.00823565 0.0486148 0
777 0.00822962 0.0486135 0
778 0.00822361 0.0486122 0
779 0.00821761 0.048611 0
780 0.00821163 0.0486097 0
781 0.00820567 0.0486086 0
782 0.00819973 0.0486074 0
783 0.0081938 0.0486063 0
784 0.0081879 0.0486052 0
785 0.00818201 0.0486041 0
786 0.00817614 0.0486031 0
787 0.00817029 0.0486021 0
788 0.00816446 0.0486011 0
789 0.00815864 0.0486002 0
790 0.00815285 0.0485993 0
791 0.00814707 0.0485984 0
792 0.00814131 0.0485976 0
793 0.00813557 0.0485967 0
794 0.00812985 0.048596 0
795 0.00812415 0.0485952 0
796 0.00811846 0.0485945 0
797 0.00811279 0.0485938 0
798 0.00810714 0.0485931 0
799 0.00810151 0.0485924 0
800 0.00809589 0.0485918 0
801 0.0080903 0.0485912 0
802 0.00808472 0.0485906 0
803 0.00807915 0.0485901 0
804 0.00807361 0.0485896 0
805 0.00806808 0.0485891 0
806 0.00806257 0.0485886 0
807 0.00805708 0.0485882 0
808 0.0080516 0.0485878 0
809 0.00804614 0.0485874 0
810 0.00804069 0.048587 0
811 0.00803527 0.0485867 0
812 0.00802986 0.0485864 0
813 0.00802446 0.0485861 0
814 0.00801908 0.0485858 0
815 0.00801372 0.0485856 0
816 0.00800837 0.0485854 0
817 0.00800303 0.0485851 0
818 0.00799772 0.048585 0
819 0.00799241 0.0485848 0
820 0.00798712 0.0485847 0
821 0.00798185 0.0485845 0
822 0.00797659 0.0485845 0
823 0.00797135 0.0485844 0
824 0.00796612 0.0485843 0
825 0.0079609 0.0485843 0
826 0.0079557 0.0485842 0
827 0.00795051 0.0485842 0
828 0.00794534 0.0485843 0
829 0.00794018 0.0485843 0
830 0.00793503 0.0485843 0
831 0.00792989 0.0485844 0
832 0.00792477 0.0485845 0
833 0.00791966 0.0485846 0
834 0.00791456 0.0485847 0
835 0.00790948 0.0485848 0
836 0.00790441 0.0485849 0
837 0.00789935 0.0485851 0
838 0.0078943 0.0485852 0
839 0.00788927 0.0485854 0
840 0.00788424 0.0485856 0
841 0.00787923 0.0485858 0
842 0.00787423 0.048586 0
843 0.00786924 0.0485862 0
844 0.00786426 0.0485864 0
845 0.0078593 0.0485866 0
846 0.00785434 0.0485869 0
847 0.0078494 0.0485871 0
848 0.00784446 0.0485874 0
849 0.00783954 0.0485876 0
850 0.00783463 0.0485879 0
851 0.00782973 0.0485881 0
852 0.00782484 0.0485884 0
853 0.00781996 0.0485887 0
854 0.00781509 0.0485889 0
855 0.00781023 0.0485892 0
856 0.00780538 0.0485895 0
857 0.00780055 0.0485897 0
858 0.00779572 0.04859 0
859 0.0077909 0.0485903 0
860 0.0077861 0.0485905 0
861 0.0077813 0.0485908 0
862 0.00777652 0.048591 0
863 0.00777174 0.0485913 0
864 0.00776698 0.0485915 0
865 0.00776223 0.0485917 0
866 0.00775749 0.048592 0
867 0.00775276 0.0485922 0
868 0.00774805 0.0485924 0
869 0.00774334 0.0485925 0
870 0.00773865 0.0485927 0
871 0.00773397 0.0485929 0
872 0.00772931 0.048593 0
873 0.00772465 0.0485932 0
874 0.00772001 0.0485933 0
875 0.00771539 0.0485934 0
876 0.00771078 0.0485935 0
877 0.00770618 0.0485936 0
878 0.0077016 0.0485936 0
879 0.00769704 0.0485936 0
880 0.00769248 0.0485937 0
881 0.00768795 0.0485937 0
882 0.00768343 0.0485936 0
883 0.00767893 0.0485936 0
884 0.00767445 0.0485935 0
885 0.00766998 0.0485935 0
886 0.00766553 0.0485934 0
887 0.0076611 0.0485933 0
888 0.00765668 0.0485931 0
889 0.00765228 0.048593 0
890 0.00764791 0.0485928 0
891 0.00764355 0.0485926 0
892 0.0076392 0.0485924 0
893 0.00763488 0.0485921 0
894 0.00763057 0.0485919 0
895 0.00762628 0.0485916 0
896 0.00762202 0.0485913 0
897 0.00761776 0.048591 0
898 0.00761353 0.0485907 0
899 0.00760931 0.0485904 0
900 0.00760512 0.04859 0
901 0.00760093 0.0485896 0
902 0.00759677 0.0485892 0
903 0.00759262 0.0485888 0
904 0.0075885 0.0485884 0
905 0.00758438 0.048588 0
906 0.00758029 0.0485875 0
907 0.00757621 0.0485871 0
908 0.00757214 0.0485866 0
909 0.00756809 0.0485861 0
910 0.00756406 0.0485856 0
911 0.00756004 0.0485851 0
912 0.00755603 0.0485846 0
913 0.00755204 0.0485841 0
914 0.00754807 0.0485835 0
915 0.00754411 0.048583 0
916 0.00754016 0.0485824 0
917 0.00753622 0.0485818 0
918 0.0075323 0.0485812 0
919 0.00752839 0.0485806 0
920 0.00752449 0.04858 0
921 0.0075206 0.0485794 0
922 0.00751673 0.0485788 0
923 0.00751287 0.0485782 0
924 0.00750901 0.0485775 0
925 0.00750517 0.0485769 0
926 0.00750134 0.0485762 0
927 0.00749752 0.0485756 0
928 0.00749371 0.0485749 0
929 0.00748991 0.0485742 0
930 0.00748612 0.0485735 0
931 0.00748234 0.0485729 0
932 0.00747856 0.0485722 0
933 0.0074748 0.0485715 0
934 0.00747104 0.0485708 0
935 0.00746729 0.04857 0
936 0.00746355 0.0485693 0
937 0.00745982 0.0485686 0
938 0.0074561 0.0485679 0
939 0.00745238 0.0485671 0
940 0.00744867 0.0485664 0
941 0.00744496 0.0485656 0
942 0.00744127 0.0485649 0
943 0.00743757 0.0485641 0
944 0.00743389 0.0485633 0
945 0.00743021 0.0485626 0
946 0.00742653 0.0485618 0
947 0.00742287 0.048561 0
948 0.0074192 0.0485602 0
949 0.00741554 0.0485594 0
950 0.00741189 0.0485587 0
951 0.00740824 0.0485579 0
952 0.00740459 0.048557 0
953 0.00740095 0.0485562 0
954 0.00739731 0.0485554 0
955 0.00739368 0.0485546 0
956 0.00739005 0.0485538 0
957 0.00738642 0.048553 0
958 0.0073828 0.0485521 0
959 0.00737917 0.0485513 0
960 0.00737555 0.0485505 0
961 0.00737194 0.0485496 0
962 0.00736832 0.0485488 0
963 0.00736471 0.0485479 0
964 0.00736109 0.0485471 0
965 0.00735748 0.0485462 0
966 0.00735387 0.0485453 0
967 0.00735027 0.0485445 0
968 0.00734666 0.0485436 0
969 0.00734305 0.0485427 0
970 0.00733944 0.0485418 0
971 0.00733584 0.0485409 0
972 0.00733223 0.0485401 0
973 0.00732862 0.0485392 0
974 0.00732501 0.0485383 0
975 0.00732141 0.0485374 0
976 0.0073178 0.0485365 0
977 0.00731419 0.0485355 0
978 0.00731058 0.0485346 0
979 0.00730696 0.0485337 0
980 0.00730335 0.0485328 0
981 0.00729973 0.0485318 0
982 0.00729612 0.0485309 0
983 0.0072925 0.04853 0
984 0.00728888 0.048529 0
985 0.00728526 0.048528 0
986 0.00728163 0.0485271 0
987 0.007278 0.0485261 0
988 0.00727438 0.0485251 0
989 0.00727074 0.0485241 0
990 0.00726711 0.0485231 0
991 0.00726348 0.0485221 0
992 0.00725984 0.0485211 0
993 0.0072562 0.0485201 0
994 0.00725256 0.0485191 0
995 0.00724891 0.048518 0
996 0.00724527 0.048517 0
997 0.00724162 0.0485159 0
998 0.00723797 0.0485148 0
999 0.00723432 0.0485137 0
