0 0.550827 0 0
1 0.455219 0.571818 0
2 0.381154 0.482472 0
3 0.341259 0.417841 0
4 0.295425 0.367889 0
5 0.273956 0.339942 0
6 0.19605 0.305303 0
7 0.198247 0.240005 0
8 0.171165 0.231431 0
9 0.157174 0.216401 0
10 0.174325 0.19085 0
11 0.133991 0.2194 0
12 0.136963 0.169556 0
13 0.119931 0.183613 0
14 0.122263 0.159239 0
15 0.106155 0.171115 0
16 0.106357 0.148834 0
17 0.0953161 0.157406 0
18 0.0946305 0.141475 0
19 0.0869901 0.147845 0
20 0.0857395 0.136557 0
21 0.0804073 0.141126 0
22 0.0788848 0.133174 0
23 0.0750538 0.136417 0
24 0.0734418 0.130721 0
25 0.0705822 0.133043 0
26 0.0689842 0.128861 0
27 0.0667648 0.130548 0
28 0.0652401 0.127409 0
29 0.0634507 0.128647 0
30 0.0620324 0.126261 0
31 0.060539 0.127163 0
32 0.0592434 0.125348 0
33 0.0579608 0.125985 0
34 0.0567886 0.124612 0
35 0.0556597 0.125038 0
36 0.0545971 0.124009 0
37 0.0535797 0.124267 0
38 0.0526055 0.123503 0
39 0.0516691 0.123631 0
40 0.0507634 0.123068 0
41 0.0498877 0.123101 0
42 0.0490366 0.122688 0
43 0.0482104 0.122656 0
44 0.047406 0.122351 0
45 0.046624 0.122277 0
46 0.0458627 0.122047 0
47 0.045122 0.121949 0
48 0.0444009 0.121767 0
49 0.0436989 0.121659 0
50 0.0430152 0.12151 0
51 0.0423492 0.1214 0
52 0.0417 0.121274 0
53 0.041067 0.12117 0
54 0.0404494 0.121062 0
55 0.0398465 0.120966 0
56 0.0392577 0.120873 0
57 0.0386825 0.120789 0
58 0.0381202 0.12071 0
59 0.0375703 0.120638 0
60 0.0370323 0.120572 0
61 0.0365054 0.120513 0
62 0.0359893 0.12046 0
63 0.0354837 0.120414 0
64 0.0349883 0.120375 0
65 0.0345026 0.120344 0
66 0.0340262 0.120322 0
67 0.0335587 0.120307 0
68 0.0330994 0.120299 0
69 0.0326478 0.120298 0
70 0.0322037 0.120302 0
71 0.0317668 0.120312 0
72 0.0313375 0.120324 0
73 0.0309161 0.120338 0
74 0.0305028 0.120352 0
75 0.0300975 0.120365 0
76 0.0296994 0.120377 0
77 0.0293075 0.120391 0
78 0.0289211 0.120406 0
79 0.0285397 0.120424 0
80 0.0281632 0.120447 0
81 0.0277919 0.120475 0
82 0.027426 0.120508 0
83 0.0270662 0.120546 0
84 0.026713 0.120589 0
85 0.0263668 0.120637 0
86 0.0260275 0.12069 0
87 0.025695 0.120748 0
88 0.0253684 0.12081 0
89 0.0250475 0.120877 0
90 0.0247315 0.120947 0
91 0.0244203 0.121022 0
92 0.0241135 0.121099 0
93 0.023811 0.121179 0
94 0.0235127 0.12126 0
95 0.0232182 0.121342 0
96 0.0229272 0.121424 0
97 0.0226392 0.121506 0
98 0.0223538 0.121587 0
99 0.0220707 0.121666 0
100 0.02179 0.121743 0
101 0.0215122 0.121818 0
102 0.0212388 0.121892 0
103 0.0209716 0.121964 0
104 0.0207116 0.122036 0
105 0.0204594 0.122107 0
106 0.0202151 0.122177 0
107 0.0199782 0.122248 0
108 0.0197482 0.122317 0
109 0.0195246 0.122387 0
110 0.019307 0.122456 0
111 0.0190948 0.122525 0
112 0.0188877 0.122594 0
113 0.0186853 0.122664 0
114 0.0184875 0.122734 0
115 0.0182939 0.122805 0
116 0.0181043 0.122877 0
117 0.0179186 0.122949 0
118 0.0177365 0.123022 0
119 0.0175579 0.123096 0
120 0.0173825 0.12317 0
121 0.0172104 0.123245 0
122 0.0170413 0.12332 0
123 0.0168751 0.123396 0
124 0.0167117 0.123472 0
125 0.0165509 0.123549 0
126 0.0163927 0.123626 0
127 0.0162369 0.123703 0
128 0.0160834 0.12378 0
129 0.0159321 0.123858 0
130 0.015783 0.123936 0
131 0.015636 0.124013 0
132 0.0154909 0.124091 0
133 0.0153477 0.124169 0
134 0.0152064 0.124246 0
135 0.0150669 0.124323 0
136 0.0149292 0.1244 0
137 0.0147932 0.124477 0
138 0.014659 0.124553 0
139 0.0145265 0.124628 0
140 0.0143958 0.124703 0
141 0.0142668 0.124777 0
142 0.0141397 0.12485 0
143 0.0140143 0.124923 0
144 0.0138907 0.124994 0
145 0.0137689 0.125065 0
146 0.0136489 0.125136 0
147 0.0135307 0.125205 0
148 0.0134143 0.125274 0
149 0.0132995 0.125342 0
150 0.0131865 0.12541 0
151 0.0130751 0.125476 0
152 0.0129653 0.125543 0
153 0.0128571 0.125608 0
154 0.0127504 0.125673 0
155 0.0126452 0.125738 0
156 0.0125415 0.125802 0
157 0.0124392 0.125865 0
158 0.0123383 0.125928 0
159 0.0122387 0.12599 0
160 0.0121405 0.126052 0
161 0.0120436 0.126113 0
162 0.011948 0.126173 0
163 0.0118536 0.126233 0
164 0.0117604 0.126293 0
165 0.0116685 0.126352 0
166 0.0115777 0.12641 0
167 0.0114881 0.126468 0
168 0.0113996 0.126525 0
169 0.0113122 0.126582 0
170 0.0112259 0.126638 0
171 0.0111406 0.126694 0
172 0.0110563 0.126749 0
173 0.010973 0.126804 0
174 0.0108907 0.126858 0
175 0.0108094 0.126912 0
176 0.0107289 0.126965 0
177 0.0106493 0.127018 0
178 0.0105706 0.127071 0
179 0.0104927 0.127123 0
180 0.0104156 0.127175 0
181 0.0103394 0.127226 0
182 0.0102639 0.127278 0
183 0.0101891 0.127328 0
184 0.0101152 0.127379 0
185 0.010042 0.127429 0
186 0.00996956 0.127479 0
187 0.00989789 0.127529 0
188 0.009827 0.127578 0
189 0.00975689 0.127627 0
190 0.00968754 0.127677 0
191 0.00961897 0.127726 0
192 0.00955114 0.127775 0
193 0.00948406 0.127824 0
194 0.00941769 0.127873 0
195 0.00935201 0.127923 0
196 0.00928699 0.127972 0
197 0.00922258 0.128022 0
198 0.00915876 0.128073 0
199 0.00909549 0.128123 0
200 0.00903272 0.128174 0
201 0.00897043 0.128225 0
202 0.00890857 0.128277 0
203 0.00884713 0.128328 0
204 0.00878609 0.128381 0
205 0.00872544 0.128433 0
206 0.0086652 0.128485 0
207 0.00860539 0.128538 0
208 0.00854603 0.12859 0
209 0.00848718 0.128641 0
210 0.00842888 0.128692 0
211 0.00837116 0.128742 0
212 0.00831406 0.128791 0
213 0.00825759 0.128839 0
214 0.00820178 0.128886 0
215 0.00814661 0.128931 0
216 0.00809208 0.128975 0
217 0.00803819 0.129019 0
218 0.00798493 0.129061 0
219 0.00793228 0.129102 0
220 0.00788023 0.129143 0
221 0.00782879 0.129183 0
222 0.00777793 0.129223 0
223 0.00772766 0.129262 0
224 0.00767798 0.129301 0
225 0.00762888 0.12934 0
226 0.00758037 0.129379 0
227 0.00753244 0.129418 0
228 0.00748511 0.129456 0
229 0.00743837 0.129495 0
230 0.00739222 0.129533 0
231 0.00734667 0.129572 0
232 0.00730172 0.12961 0
233 0.00725735 0.129648 0
234 0.00721357 0.129686 0
235 0.00717036 0.129724 0
236 0.00712771 0.129762 0
237 0.00708562 0.1298 0
238 0.00704405 0.129838 0
239 0.00700301 0.129875 0
240 0.00696247 0.129912 0
241 0.00692241 0.129949 0
242 0.00688283 0.129987 0
243 0.0068437 0.130023 0
244 0.00680501 0.13006 0
245 0.00676675 0.130097 0
246 0.0067289 0.130133 0
247 0.00669145 0.13017 0
248 0.00665438 0.130206 0
249 0.00661768 0.130242 0
250 0.00658134 0.130278 0
251 0.00654535 0.130314 0
252 0.00650971 0.13035 0
253 0.00647438 0.130385 0
254 0.00643938 0.130421 0
255 0.00640469 0.130456 0
256 0.00637029 0.130492 0
257 0.00633619 0.130527 0
258 0.00630237 0.130562 0
259 0.00626882 0.130597 0
260 0.00623555 0.130631 0
261 0.00620253 0.130666 0
262 0.00616977 0.130701 0
263 0.00613726 0.130735 0
264 0.00610499 0.130769 0
265 0.00607297 0.130803 0
266 0.00604118 0.130837 0
267 0.00600962 0.130871 0
268 0.0059783 0.130905 0
269 0.00594721 0.130938 0
270 0.00591635 0.130971 0
271 0.00588573 0.131005 0
272 0.00585534 0.131037 0
273 0.00582518 0.13107 0
274 0.00579526 0.131103 0
275 0.00576558 0.131135 0
276 0.00573614 0.131167 0
277 0.00570694 0.1312 0
278 0.00567798 0.131231 0
279 0.00564927 0.131263 0
280 0.00562079 0.131295 0
281 0.00559255 0.131326 0
282 0.00556455 0.131357 0
283 0.00553678 0.131388 0
284 0.00550925 0.131419 0
285 0.00548193 0.131449 0
286 0.00545483 0.13148 0
287 0.00542795 0.13151 0
288 0.00540127 0.13154 0
289 0.00537479 0.131569 0
290 0.00534851 0.131599 0
291 0.0053224 0.131628 0
292 0.00529648 0.131657 0
293 0.00527073 0.131686 0
294 0.00524513 0.131714 0
295 0.00521969 0.131743 0
296 0.00519439 0.13177 0
297 0.00516923 0.131798 0
298 0.00514419 0.131825 0
299 0.00511927 0.131852 0
300 0.00509445 0.131879 0
301 0.00506973 0.131905 0
302 0.00504509 0.131931 0
303 0.00502054 0.131957 0
304 0.00499605 0.131982 0
305 0.00497164 0.132007 0
306 0.00494728 0.132031 0
307 0.00492299 0.132055 0
308 0.00489876 0.132079 0
309 0.00487461 0.132102 0
310 0.00485053 0.132126 0
311 0.00482656 0.132149 0
312 0.0048027 0.132172 0
313 0.00477897 0.132194 0
314 0.00475539 0.132217 0
315 0.00473198 0.132241 0
316 0.00470876 0.132264 0
317 0.00468574 0.132288 0
318 0.00466292 0.132312 0
319 0.00464033 0.132336 0
320 0.00461796 0.132361 0
321 0.00459581 0.132387 0
322 0.0045739 0.132413 0
323 0.00455221 0.13244 0
324 0.00453075 0.132468 0
325 0.00450952 0.132496 0
326 0.00448852 0.132525 0
327 0.00446775 0.132554 0
328 0.00444721 0.132584 0
329 0.00442691 0.132615 0
330 0.00440683 0.132645 0
331 0.00438699 0.132676 0
332 0.00436737 0.132708 0
333 0.00434798 0.13274 0
334 0.00432881 0.132771 0
335 0.00430986 0.132803 0
336 0.00429112 0.132836 0
337 0.00427259 0.132868 0
338 0.00425425 0.1329 0
339 0.00423611 0.132932 0
340 0.00421817 0.132965 0
341 0.0042004 0.132997 0
342 0.00418281 0.133029 0
343 0.00416539 0.133061 0
344 0.00414814 0.133093 0
345 0.00413105 0.133125 0
346 0.00411411 0.133156 0
347 0.00409733 0.133188 0
348 0.0040807 0.133219 0
349 0.00406421 0.133251 0
350 0.00404785 0.133282 0
351 0.00403164 0.133313 0
352 0.00401556 0.133344 0
353 0.00399961 0.133375 0
354 0.00398379 0.133406 0
355 0.00396809 0.133436 0
356 0.00395252 0.133467 0
357 0.00393707 0.133497 0
358 0.00392173 0.133527 0
359 0.00390651 0.133558 0
360 0.00389141 0.133588 0
361 0.00387642 0.133618 0
362 0.00386154 0.133647 0
363 0.00384676 0.133677 0
364 0.0038321 0.133707 0
365 0.00381754 0.133736 0
366 0.00380309 0.133766 0
367 0.00378874 0.133795 0
368 0.0037745 0.133824 0
369 0.00376036 0.133853 0
370 0.00374631 0.133882 0
371 0.00373237 0.133911 0
372 0.00371853 0.13394 0
373 0.00370478 0.133969 0
374 0.00369113 0.133998 0
375 0.00367758 0.134026 0
376 0.00366413 0.134055 0
377 0.00365076 0.134083 0
378 0.0036375 0.134111 0
379 0.00362432 0.13414 0
380 0.00361124 0.134168 0
381 0.00359825 0.134196 0
382 0.00358535 0.134224 0
383 0.00357254 0.134252 0
384 0.00355983 0.13428 0
385 0.0035472 0.134308 0
386 0.00353465 0.134336 0
387 0.0035222 0.134364 0
388 0.00350983 0.134391 0
389 0.00349755 0.134419 0
390 0.00348535 0.134447 0
391 0.00347324 0.134474 0
392 0.00346121 0.134502 0
393 0.00344926 0.134529 0
394 0.00343739 0.134557 0
395 0.00342561 0.134584 0
396 0.0034139 0.134611 0
397 0.00340228 0.134638 0
398 0.00339073 0.134665 0
399 0.00337926 0.134693 0
400 0.00336787 0.13472 0
401 0.00335656 0.134747 0
402 0.00334532 0.134774 0
403 0.00333415 0.1348 0
404 0.00332306 0.134827 0
405 0.00331204 0.134854 0
406 0.00330109 0.134881 0
407 0.00329022 0.134908 0
408 0.00327941 0.134934 0
409 0.00326868 0.134961 0
410 0.00325801 0.134987 0
411 0.00324742 0.135014 0
412 0.00323689 0.13504 0
413 0.00322643 0.135067 0
414 0.00321603 0.135093 0
415 0.0032057 0.135119 0
416 0.00319544 0.135145 0
417 0.00318524 0.135172 0
418 0.0031751 0.135198 0
419 0.00316503 0.135224 0
420 0.00315501 0.13525 0
421 0.00314506 0.135276 0
422 0.00313517 0.135302 0
423 0.00312534 0.135328 0
424 0.00311557 0.135354 0
425 0.00310586 0.135379 0
426 0.00309621 0.135405 0
427 0.00308661 0.135431 0
428 0.00307708 0.135457 0
429 0.00306759 0.135482 0
430 0.00305817 0.135508 0
431 0.0030488 0.135533 0
432 0.00303948 0.135559 0
433 0.00303022 0.135584 0
434 0.00302102 0.13561 0
435 0.00301186 0.135635 0
436 0.00300276 0.13566 0
437 0.00299371 0.135685 0
438 0.00298471 0.135711 0
439 0.00297577 0.135736 0
440 0.00296687 0.135761 0
441 0.00295803 0.135786 0
442 0.00294923 0.135811 0
443 0.00294048 0.135836 0
444 0.00293179 0.135861 0
445 0.00292314 0.135886 0
446 0.00291454 0.135911 0
447 0.00290598 0.135935 0
448 0.00289747 0.13596 0
449 0.00288901 0.135985 0
450 0.0028806 0.13601 0
451 0.00287223 0.136034 0
452 0.0028639 0.136059 0
453 0.00285562 0.136083 0
454 0.00284739 0.136108 0
455 0.00283919 0.136132 0
456 0.00283105 0.136157 0
457 0.00282294 0.136181 0
458 0.00281488 0.136206 0
459 0.00280686 0.13623 0
460 0.00279888 0.136254 0
461 0.00279095 0.136278 0
462 0.00278305 0.136303 0
463 0.0027752 0.136327 0
464 0.00276738 0.136351 0
465 0.00275961 0.136375 0
466 0.00275188 0.136399 0
467 0.00274418 0.136423 0
468 0.00273653 0.136447 0
469 0.00272891 0.136471 0
470 0.00272134 0.136495 0
471 0.0027138 0.136519 0
472 0.0027063 0.136542 0
473 0.00269884 0.136566 0
474 0.00269141 0.13659 0
475 0.00268402 0.136614 0
476 0.00267667 0.136637 0
477 0.00266935 0.136661 0
478 0.00266207 0.136684 0
479 0.00265483 0.136708 0
480 0.00264762 0.136732 0
481 0.00264045 0.136755 0
482 0.00263331 0.136778 0
483 0.00262621 0.136802 0
484 0.00261914 0.136825 0
485 0.00261211 0.136849 0
486 0.00260511 0.136872 0
487 0.00259814 0.136895 0
488 0.00259121 0.136918 0
489 0.00258431 0.136942 0
490 0.00257744 0.136965 0
491 0.00257061 0.136988 0
492 0.00256381 0.137011 0
493 0.00255704 0.137034 0
494 0.0025503 0.137057 0
495 0.0025436 0.13708 0
496 0.00253692 0.137103 0
497 0.00253028 0.137126 0
498 0.00252367 0.137149 0
499 0.00251709 0.137171 0
500 0.00251054 0.137194 0
501 0.00250402 0.137217 0
502 0.00249753 0.13724 0
503 0.00249107 0.137262 0
504 0.00248464 0.137285 0
505 0.00247825 0.137308 0
506 0.00247188 0.13733 0
507 0.00246554 0.137353 0
508 0.00245922 0.137375 0
509 0.00245294 0.137398 0
510 0.00244669 0.13742 0
511 0.00244046 0.137443 0
512 0.00243427 0.137465 0
513 0.0024281 0.137488 0
514 0.00242196 0.13751 0
515 0.00241584 0.137532 0
516 0.00240976 0.137555 0
517 0.0024037 0.137577 0
518 0.00239767 0.137599 0
519 0.00239167 0.137621 0
520 0.00238569 0.137643 0
521 0.00237974 0.137666 0
522 0.00237381 0.137688 0
523 0.00236792 0.13771 0
524 0.00236205 0.137732 0
525 0.0023562 0.137754 0
526 0.00235038 0.137776 0
527 0.00234459 0.137798 0
528 0.00233882 0.13782 0
529 0.00233307 0.137841 0
530 0.00232735 0.137863 0
531 0.00232166 0.137885 0
532 0.00231599 0.137907 0
533 0.00231035 0.137929 0
534 0.00230473 0.13795 0
535 0.00229913 0.137972 0
536 0.00229356 0.137994 0
537 0.00228801 0.138015 0
538 0.00228249 0.138037 0
539 0.00227699 0.138059 0
540 0.00227151 0.13808 0
541 0.00226606 0.138102 0
542 0.00226063 0.138123 0
543 0.00225522 0.138145 0
544 0.00224983 0.138166 0
545 0.00224447 0.138188 0
546 0.00223913 0.138209 0
547 0.00223381 0.13823 0
548 0.00222852 0.138252 0
549 0.00222325 0.138273 0
550 0.00221799 0.138294 0
551 0.00221276 0.138316 0
552 0.00220756 0.138337 0
553 0.00220237 0.138358 0
554 0.0021972 0.138379 0
555 0.00219206 0.1384 0
556 0.00218694 0.138421 0
557 0.00218183 0.138442 0
558 0.00217675 0.138463 0
559 0.00217169 0.138485 0
560 0.00216665 0.138506 0
561 0.00216163 0.138527 0
562 0.00215663 0.138547 0
563 0.00215165 0.138568 0
564 0.00214669 0.138589 0
565 0.00214175 0.13861 0
566 0.00213683 0.138631 0
567 0.00213193 0.138652 0
568 0.00212705 0.138673 0
569 0.00212219 0.138693 0
570 0.00211735 0.138714 0
571 0.00211253 0.138735 0
572 0.00210773 0.138755 0
573 0.00210294 0.138776 0
574 0.00209818 0.138797 0
575 0.00209343 0.138817 0
576 0.0020887 0.138838 0
577 0.00208399 0.138859 0
578 0.0020793 0.138879 0
579 0.00207463 0.1389 0
580 0.00206997 0.13892 0
581 0.00206534 0.13894 0
582 0.00206072 0.138961 0
583 0.00205612 0.138981 0
584 0.00205154 0.139002 0
585 0.00204698 0.139022 0
586 0.00204243 0.139042 0
587 0.0020379 0.139063 0
588 0.00203339 0.139083 0
589 0.0020289 0.139103 0
590 0.00202442 0.139123 0
591 0.00201996 0.139144 0
592 0.00201552 0.139164 0
593 0.0020111 0.139184 0
594 0.00200669 0.139204 0
595 0.0020023 0.139224 0
596 0.00199793 0.139244 0
597 0.00199357 0.139264 0
598 0.00198923 0.139284 0
599 0.00198491 0.139304 0
600 0.0019806 0.139324 0
601 0.00197631 0.139344 0
602 0.00197204 0.139364 0
603 0.00196778 0.139384 0
604 0.00196354 0.139404 0
605 0.00195932 0.139424 0
606 0.00195511 0.139443 0
607 0.00195092 0.139463 0
608 0.00194674 0.139483 0
609 0.00194258 0.139503 0
610 0.00193844 0.139522 0
611 0.00193431 0.139542 0
612 0.00193019 0.139562 0
613 0.0019261 0.139581 0
614 0.00192201 0.139601 0
615 0.00191795 0.139621 0
616 0.0019139 0.13964 0
617 0.00190986 0.13966 0
618 0.00190584 0.139679 0
619 0.00190183 0.139699 0
620 0.00189784 0.139718 0
621 0.00189387 0.139738 0
622 0.00188991 0.139757 0
623 0.00188596 0.139776 0
624 0.00188203 0.139796 0
625 0.00187811 0.139815 0
626 0.00187421 0.139835 0
627 0.00187032 0.139854 0
628 0.00186645 0.139873 0
629 0.00186259 0.139892 0
630 0.00185874 0.139912 0
631 0.00185491 0.139931 0
632 0.00185109 0.13995 0
633 0.00184729 0.139969 0
634 0.0018435 0.139988 0
635 0.00183973 0.140008 0
636 0.00183596 0.140027 0
637 0.00183222 0.140046 0
638 0.00182848 0.140065 0
639 0.00182476 0.140084 0
640 0.00182105 0.140103 0
641 0.00181736 0.140122 0
642 0.00181368 0.140141 0
643 0.00181001 0.14016 0
644 0.00180636 0.140179 0
645 0.00180272 0.140198 0
646 0.00179909 0.140216 0
647 0.00179547 0.140235 0
648 0.00179187 0.140254 0
649 0.00178828 0.140273 0
650 0.00178471 0.140292 0
651 0.00178114 0.140311 0
652 0.00177759 0.140329 0
653 0.00177405 0.140348 0
654 0.00177052 0.140367 0
655 0.00176701 0.140386 0
656 0.00176351 0.140404 0
657 0.00176002 0.140423 0
658 0.00175654 0.140441 0
659 0.00175307 0.14046 0
660 0.00174962 0.140479 0
661 0.00174618 0.140497 0
662 0.00174275 0.140516 0
663 0.00173933 0.140534 0
664 0.00173592 0.140553 0
665 0.00173253 0.140571 0
666 0.00172914 0.14059 0
667 0.00172577 0.140608 0
668 0.00172241 0.140627 0
669 0.00171906 0.140645 0
670 0.00171572 0.140664 0
671 0.0017124 0.140682 0
672 0.00170908 0.1407 0
673 0.00170578 0.140719 0
674 0.00170248 0.140737 0
675 0.0016992 0.140755 0
676 0.00169593 0.140774 0
677 0.00169267 0.140792 0
678 0.00168942 0.14081 0
679 0.00168618 0.140828 0
680 0.00168295 0.140847 0
681 0.00167973 0.140865 0
682 0.00167652 0.140883 0
683 0.00167333 0.140901 0
684 0.00167014 0.140919 0
685 0.00166696 0.140937 0
686 0.0016638 0.140955 0
687 0.00166064 0.140974 0
688 0.00165749 0.140992 0
689 0.00165436 0.14101 0
690 0.00165123 0.141028 0
691 0.00164811 0.141046 0
692 0.00164501 0.141064 0
693 0.00164191 0.141082 0
694 0.00163882 0.1411 0
695 0.00163575 0.141118 0
696 0.00163268 0.141136 0
697 0.00162962 0.141154 0
698 0.00162657 0.141172 0
699 0.00162353 0.14119 0
700 0.0016205 0.141208 0
701 0.00161748 0.141226 0
702 0.00161447 0.141243 0
703 0.00161147 0.141261 0
704 0.00160847 0.141279 0
705 0.00160549 0.141297 0
706 0.00160251 0.141315 0
707 0.00159954 0.141333 0
708 0.00159659 0.141351 0
709 0.00159364 0.141368 0
710 0.0015907 0.141386 0
711 0.00158776 0.141404 0
712 0.00158484 0.141422 0
713 0.00158193 0.14144 0
714 0.00157902 0.141458 0
715 0.00157612 0.141475 0
716 0.00157323 0.141493 0
717 0.00157035 0.141511 0
718 0.00156748 0.141529 0
719 0.00156461 0.141546 0
720 0.00156175 0.141564 0
721 0.0015589 0.141582 0
722 0.00155606 0.1416 0
723 0.00155323 0.141618 0
724 0.0015504 0.141635 0
725 0.00154758 0.141653 0
726 0.00154477 0.141671 0
727 0.00154197 0.141689 0
728 0.00153917 0.141706 0
729 0.00153638 0.141724 0
730 0.0015336 0.141742 0
731 0.00153083 0.14176 0
732 0.00152806 0.141777 0
733 0.0015253 0.141795 0
734 0.00152255 0.141813 0
735 0.00151981 0.141831 0
736 0.00151707 0.141849 0
737 0.00151434 0.141866 0
738 0.00151161 0.141884 0
739 0.00150889 0.141902 0
740 0.00150618 0.14192 0
741 0.00150348 0.141938 0
742 0.00150078 0.141956 0
743 0.00149809 0.141973 0
744 0.00149541 0.141991 0
745 0.00149273 0.142009 0
746 0.00149006 0.142027 0
747 0.00148739 0.142045 0
748 0.00148473 0.142063 0
749 0.00148208 0.142081 0
750 0.00147943 0.142099 0
751 0.00147679 0.142117 0
752 0.00147416 0.142135 0
753 0.00147153 0.142152 0
754 0.00146891 0.14217 0
755 0.00146629 0.142188 0
756 0.00146368 0.142206 0
757 0.00146108 0.142225 0
758 0.00145848 0.142243 0
759 0.00145589 0.142261 0
760 0.00145331 0.142279 0
761 0.00145073 0.142297 0
762 0.00144815 0.142315 0
763 0.00144559 0.142333 0
764 0.00144302 0.142351 0
765 0.00144047 0.142369 0
766 0.00143792 0.142388 0
767 0.00143538 0.142406 0
768 0.00143284 0.142424 0
769 0.00143031 0.142442 0
770 0.00142778 0.14246 0
771 0.00142527 0.142479 0
772 0.00142275 0.142497 0
773 0.00142025 0.142515 0
774 0.00141775 0.142533 0
775 0.00141526 0.142552 0
776 0.00141277 0.14257 0
777 0.00141029 0.142588 0
778 0.00140782 0.142607 0
779 0.00140535 0.142625 0
780 0.00140289 0.142643 0
781 0.00140044 0.142662 0
782 0.00139799 0.14268 0
783 0.00139556 0.142698 0
784 0.00139312 0.142717 0
785 0.0013907 0.142735 0
786 0.00138828 0.142753 0
787 0.00138587 0.142772 0
788 0.00138347 0.14279 0
789 0.00138107 0.142808 0
790 0.00137869 0.142827 0
791 0.00137631 0.142845 0
792 0.00137393 0.142863 0
793 0.00137157 0.142882 0
794 0.00136921 0.1429 0
795 0.00136686 0.142918 0
796 0.00136452 0.142937 0
797 0.00136218 0.142955 0
798 0.00135986 0.142973 0
799 0.00135754 0.142992 0
800 0.00135523 0.14301 0
801 0.00135292 0.143028 0
802 0.00135063 0.143046 0
803 0.00134834 0.143064 0
804 0.00134606 0.143083 0
805 0.00134379 0.143101 0
806 0.00134152 0.143119 0
807 0.00133927 0.143137 0
808 0.00133702 0.143155 0
809 0.00133478 0.143173 0
810 0.00133254 0.143191 0
811 0.00133032 0.143209 0
812 0.0013281 0.143227 0
813 0.00132589 0.143245 0
814 0.00132369 0.143263 0
815 0.00132149 0.143281 0
816 0.0013193 0.143299 0
817 0.00131712 0.143317 0
818 0.00131495 0.143335 0
819 0.00131279 0.143353 0
820 0.00131063 0.143371 0
821 0.00130848 0.143389 0
822 0.00130634 0.143406 0
823 0.0013042 0.143424 0
824 0.00130207 0.143442 0
825 0.00129995 0.14346 0
826 0.00129784 0.143477 0
827 0.00129573 0.143495 0
828 0.00129363 0.143513 0
829 0.00129154 0.14353 0
830 0.00128945 0.143548 0
831 0.00128737 0.143565 0
832 0.0012853 0.143583 0
833 0.00128324 0.1436 0
834 0.00128118 0.143618 0
835 0.00127913 0.143635 0
836 0.00127708 0.143653 0
837 0.00127504 0.14367 0
838 0.00127301 0.143687 0
839 0.00127099 0.143705 0
840 0.00126897 0.143722 0
841 0.00126696 0.14374 0
842 0.00126495 0.143757 0
843 0.00126295 0.143774 0
844 0.00126096 0.143791 0
845 0.00125897 0.143809 0
846 0.00125699 0.143826 0
847 0.00125502 0.143843 0
848 0.00125305 0.14386 0
849 0.00125109 0.143877 0
850 0.00124914 0.143894 0
851 0.00124719 0.143911 0
852 0.00124524 0.143928 0
853 0.00124331 0.143945 0
854 0.00124138 0.143962 0
855 0.00123945 0.143979 0
856 0.00123753 0.143996 0
857 0.00123562 0.144013 0
858 0.00123371 0.14403 0
859 0.00123181 0.144047 0
860 0.00122992 0.144064 0
861 0.00122803 0.144081 0
862 0.00122614 0.144098 0
863 0.00122426 0.144115 0
864 0.00122239 0.144131 0
865 0.00122052 0.144148 0
866 0.00121866 0.144165 0
867 0.00121681 0.144182 0
868 0.00121496 0.144198 0
869 0.00121311 0.144215 0
870 0.00121127 0.144232 0
871 0.00120944 0.144248 0
872 0.00120761 0.144265 0
873 0.00120579 0.144282 0
874 0.00120397 0.144298 0
875 0.00120216 0.144315 0
876 0.00120035 0.144331 0
877 0.00119855 0.144348 0
878 0.00119675 0.144364 0
879 0.00119496 0.144381 0
880 0.00119318 0.144397 0
881 0.0011914 0.144414 0
882 0.00118962 0.14443 0
883 0.00118785 0.144447 0
884 0.00118609 0.144463 0
885 0.00118433 0.144479 0
886 0.00118257 0.144496 0
887 0.00118082 0.144512 0
888 0.00117908 0.144528 0
889 0.00117734 0.144545 0
890 0.0011756 0.144561 0
891 0.00117387 0.144577 0
892 0.00117215 0.144593 0
893 0.00117043 0.144609 0
894 0.00116872 0.144626 0
895 0.00116701 0.144642 0
896 0.0011653 0.144658 0
897 0.0011636 0.144674 0
898 0.00116191 0.14469 0
899 0.00116022 0.144706 0
900 0.00115853 0.144722 0
901 0.00115685 0.144738 0
902 0.00115517 0.144754 0
903 0.0011535 0.14477 0
904 0.00115184 0.144786 0
905 0.00115017 0.144802 0
906 0.00114852 0.144818 0
907 0.00114687 0.144834 0
908 0.00114522 0.14485 0
909 0.00114357 0.144866 0
910 0.00114194 0.144882 0
911 0.0011403 0.144898 0
912 0.00113867 0.144913 0
913 0.00113705 0.144929 0
914 0.00113543 0.144945 0
915 0.00113381 0.144961 0
916 0.0011322 0.144976 0
917 0.0011306 0.144992 0
918 0.00112899 0.145008 0
919 0.0011274 0.145023 0
920 0.0011258 0.145039 0
921 0.00112421 0.145055 0
922 0.00112263 0.14507 0
923 0.00112105 0.145086 0
924 0.00111947 0.145102 0
925 0.0011179 0.145117 0
926 0.00111634 0.145133 0
927 0.00111477 0.145148 0
928 0.00111322 0.145164 0
929 0.00111166 0.145179 0
930 0.00111011 0.145195 0
931 0.00110857 0.14521 0
932 0.00110703 0.145225 0
933 0.00110549 0.145241 0
934 0.00110396 0.145256 0
935 0.00110243 0.145271 0
936 0.0011009 0.145287 0
937 0.00109938 0.145302 0
938 0.00109787 0.145317 0
939 0.00109636 0.145333 0
940 0.00109485 0.145348 0
941 0.00109334 0.145363 0
942 0.00109184 0.145378 0
943 0.00109035 0.145393 0
944 0.00108886 0.145409 0
945 0.00108737 0.145424 0
946 0.00108589 0.145439 0
947 0.00108441 0.145454 0
948 0.00108293 0.145469 0
949 0.00108146 0.145484 0
950 0.00107999 0.145499 0
951 0.00107853 0.145514 0
952 0.00107707 0.145529 0
953 0.00107561 0.145544 0
954 0.00107416 0.145559 0
955 0.00107271 0.145574 0
956 0.00107127 0.145589 0
957 0.00106983 0.145604 0
958 0.00106839 0.145619 0
959 0.00106696 0.145634 0
960 0.00106553 0.145648 0
961 0.0010641 0.145663 0
962 0.00106268 0.145678 0
963 0.00106126 0.145693 0
964 0.00105985 0.145708 0
965 0.00105844 0.145722 0
966 0.00105703 0.145737 0
967 0.00105563 0.145752 0
968 0.00105423 0.145766 0
969 0.00105283 0.145781 0
970 0.00105144 0.145796 0
971 0.00105005 0.14581 0
972 0.00104867 0.145825 0
973 0.00104729 0.14584 0
974 0.00104591 0.145854 0
975 0.00104453 0.145869 0
976 0.00104316 0.145883 0
977 0.0010418 0.145898 0
978 0.00104043 0.145912 0
979 0.00103907 0.145927 0
980 0.00103771 0.145941 0
981 0.00103636 0.145956 0
982 0.00103501 0.14597 0
983 0.00103367 0.145984 0
984 0.00103232 0.145999 0
985 0.00103098 0.146013 0
986 0.00102965 0.146027 0
987 0.00102831 0.146042 0
988 0.00102698 0.146056 0
989 0.00102566 0.14607 0
990 0.00102434 0.146085 0
991 0.00102302 0.146099 0
992 0.0010217 0.146113 0
993 0.00102039 0.146127 0
994 0.00101908 0.146141 0
995 0.00101777 0.146156 0
996 0.00101647 0.14617 0
997 0.00101517 0.146184 0
998 0.00101387 0.146198 0
999 0.00101258 0.146212 0
