0 3.68731 0 0
1 3.63581 3.65195 0
2 3.73286 3.52334 0
3 3.32991 3.65442 0
4 5.21303 3.27325 0
5 4.25461 5.24192 0
6 3.38507 4.31138 0
7 3.04354 3.40545 0
8 3.74636 3.1623 0
9 3.81796 3.75271 0
10 5.35308 3.81076 0
11 4.86994 5.33041 0
12 5.23168 4.71388 0
13 4.89343 5.20882 0
14 5.8983 4.78347 0
15 5.47137 5.68387 0
16 5.46002 5.21996 0
17 5.23015 5.1247 0
18 4.001 5.05351 0
19 4.69091 3.80444 0
20 4.63923 4.41476 0
21 4.54694 4.62499 0
22 5.07822 4.51969 0
23 5.34079 5.00595 0
24 5.88004 5.24124 0
25 5.96931 5.56175 0
26 5.68518 5.72271 0
27 5.14596 5.47019 0
28 4.51621 4.89486 0
29 6.10689 4.45071 0
30 5.88989 6.04968 0
31 6.36188 5.73297 0
32 5.75902 6.34777 0
33 6.01945 5.65968 0
34 5.12881 5.94371 0
35 4.58625 5.00999 0
36 4.62117 4.57773 0
37 3.58125 4.58393 0
38 4.4697 3.53154 0
39 4.28868 4.65796 0
40 3.84093 4.49039 0
41 4.1492 4.05869 0
42 5.19063 4.34168 0
43 4.77207 5.41581 0
44 3.62478 5.00976 0
45 5.2678 4.00331 0
46 4.89494 5.59296 0
47 5.3636 5.15736 0
48 4.37709 5.56043 0
49 4.47527 4.75061 0
50 3.59848 4.88563 0
51 7.4472 4.0147 0
52 5.50694 7.83429 0
53 6.59363 6.01214 0
54 5.97444 7.06085 0
55 6.01284 6.64401 0
56 6.10398 6.60653 0
57 6.02383 6.65075 0
58 5.95278 6.42003 0
59 4.70283 6.47712 0
60 7.77865 5.15446 0
61 7.24441 8.32412 0
62 5.51277 7.79204 0
63 5.86324 5.80987 0
64 5.7222 6.16709 0
65 5.34326 6.03757 0
66 5.6231 5.81945 0
67 5.36999 6.0885 0
68 4.25673 5.84972 0
69 5.23353 4.81019 0
70 5.76256 5.78627 0
71 5.36703 6.19906 0
72 5.42745 5.6515 0
73 6.11687 5.67633 0
74 6.00231 6.49538 0
75 6.1097 6.36042 0
76 6.24681 6.48214 0
77 4.80264 6.63911 0
78 6.31376 5.3166 0
79 5.46261 6.85416 0
80 4.45412 6.22822 0
81 3.74189 5.05139 0
82 4.65712 4.32818 0
83 5.16919 5.19154 0
84 5.30929 5.90415 0
85 5.59166 5.85661 0
86 5.99658 6.02558 0
87 5.62906 6.4008 0
88 6.47559 5.93336 0
89 4.70839 6.69193 0
90 6.04848 4.95514 0
91 5.80685 6.28348 0
92 6.78494 6.1009 0
93 4.86485 6.94195 0
94 6.94657 5.00431 0
95 4.9454 7.0571 0
96 5.58773 4.98156 0
97 5.87056 5.85756 0
98 7.56074 6.03671 0
99 5.7653 7.53063 0
100 6.85888 5.81074 0
101 6.26008 6.95985 0
102 8.23764 6.2884 0
103 6.62774 8.28924 0
104 5.29311 6.66458 0
105 6.01745 5.40992 0
106 6.389 6.15915 0
107 6.48154 6.46846 0
108 5.08894 6.50754 0
109 6.5239 5.19023 0
110 6.09935 6.56487 0
111 5.45464 6.2111 0
112 5.83337 5.51234 0
113 5.54449 5.92808 0
114 6.01058 5.55639 0
115 6.20672 6.06576 0
116 7.2061 6.26637 0
117 5.19883 7.29716 0
118 6.05 5.24815 0
119 6.18597 6.09607 0
120 6.44194 6.33708 0
121 5.78666 6.57782 0
122 5.86282 5.98177 0
123 6.75365 6.03122 0
124 4.61981 6.90726 0
125 5.96451 4.82393 0
126 6.13673 6.11034 0
127 4.86609 6.32422 0
128 5.28985 5.1662 0
129 5.70618 5.42007 0
130 5.79297 5.94569 0
131 5.22002 6.06021 0
132 5.70684 5.3581 0
133 6.18385 5.88196 0
134 7.31719 6.42092 0
135 5.67786 7.41139 0
136 5.12398 5.88537 0
137 5.05169 5.33676 0
138 6.1875 5.18342 0
139 6.191 6.45892 0
140 6.08798 6.50222 0
141 5.60106 6.40852 0
142 5.24395 6.05633 0
143 6.44948 5.62971 0
144 6.83184 6.7239 0
145 6.11838 7.06585 0
146 7.89797 6.3657 0
147 7.56665 8.04082 0
148 7.40005 7.83196 0
149 7.40383 7.68731 0
150 8.01661 7.59619 0
151 8.36571 8.22235 0
152 7.53763 8.54467 0
153 6.88472 7.82989 0
154 5.89898 7.10376 0
155 5.26222 6.17352 0
156 6.28455 5.58839 0
157 7.72904 6.54965 0
158 6.2855 7.98658 0
159 6.58458 6.66737 0
160 6.42508 6.94454 0
161 5.91912 6.70793 0
162 7.63712 6.33263 0
163 6.41188 8.07566 0
164 6.01636 6.89896 0
165 6.72057 6.47484 0
166 8.10178 7.12941 0
167 7.70376 8.4462 0
168 10.1529 7.77394 0
169 9.12824 10.1447 0
170 10.4784 9.10561 0
171 9.23243 10.5307 0
172 9.4692 9.36604 0
173 8.68103 9.73891 0
174 8.78344 9.00523 0
175 8.05532 8.7475 0
176 7.36593 8.19679 0
177 7.20972 7.46315 0
178 7.64973 7.4328 0
179 7.32654 7.99558 0
180 8.23943 7.71984 0
181 7.24906 8.47047 0
182 6.94312 7.39377 0
183 7.55604 7.05085 0
184 6.65 7.44655 0
185 7.41785 6.75354 0
186 5.56008 7.40826 0
187 6.38213 5.77219 0
188 8.35061 6.55188 0
189 6.81263 8.49352 0
190 6.73977 7.04703 0
191 7.58189 6.98538 0
192 7.1681 7.68421 0
193 7.71285 7.40286 0
194 7.29271 7.92192 0
195 7.12493 7.48603 0
196 8.17933 7.27251 0
197 6.82664 8.55189 0
198 7.08994 7.11427 0
199 6.38863 7.31441 0
200 7.26488 6.59136 0
201 5.89458 7.48983 0
202 5.8681 6.01686 0
203 5.68998 5.94271 0
204 5.50125 5.77156 0
205 6.95472 5.59958 0
206 6.3021 7.18461 0
207 6.01172 6.46886 0
208 5.53005 6.23942 0
209 6.11149 5.60576 0
210 5.04138 6.26301 0
211 6.76212 5.13086 0
212 6.80806 6.85838 0
213 6.39942 6.82777 0
214 6.58766 6.45603 0
215 6.22893 6.73434 0
216 5.32531 6.27163 0
217 4.92128 5.48471 0
218 5.86331 5.07733 0
219 4.61965 6.13201 0
220 5.5989 4.8782 0
221 4.93357 5.76606 0
222 5.82242 5.15975 0
223 4.1891 6.14064 0
224 5.35961 4.34797 0
225 6.1412 5.65392 0
226 6.20152 6.4232 0
227 7.17076 6.51088 0
228 6.40245 7.3437 0
229 7.38047 6.58694 0
230 8.01841 7.39271 0
231 6.8952 8.07425 0
232 8.10911 6.87096 0
233 7.89937 8.10763 0
234 7.33969 7.74746 0
235 7.92953 7.34029 0
236 7.26094 8.09646 0
237 6.60545 7.34909 0
238 7.03161 6.77612 0
239 7.00875 7.12001 0
240 6.91658 7.27008 0
241 5.91507 7.19496 0
242 6.38492 6.18814 0
243 6.31567 6.65765 0
244 6.45948 6.5239 0
245 7.40272 6.71717 0
246 8.67723 7.73295 0
247 8.34483 9.08934 0
248 8.58038 8.49793 0
249 8.22399 8.72142 0
250 6.82133 8.37145 0
251 7.94713 6.9805 0
252 7.47078 7.92754 0
253 8.76743 7.50145 0
254 8.13624 9.03831 0
255 7.64693 8.35252 0
256 7.3892 7.94596 0
257 7.95651 7.73683 0
258 7.08323 8.21153 0
259 7.32557 7.40791 0
260 7.56432 7.77871 0
261 5.72035 7.93321 0
262 6.22757 6.06927 0
263 6.04621 6.59939 0
264 6.81475 6.3749 0
265 6.23412 7.13188 0
266 6.6222 6.60352 0
267 6.63909 6.95944 0
268 6.81217 7.07094 0
269 6.72243 7.28992 0
270 6.55437 7.14407 0
271 6.42858 7.09287 0
272 5.39765 6.99622 0
273 5.68201 6.02897 0
274 6.20076 6.22075 0
275 7.37248 6.61158 0
276 6.06711 7.84023 0
277 5.97682 6.47788 0
278 5.71468 6.44825 0
279 6.67607 6.2596 0
280 6.6519 7.21536 0
281 6.16261 7.12548 0
282 5.69245 6.68153 0
283 5.75126 6.15104 0
284 5.84658 6.06343 0
285 6.99798 6.31796 0
286 6.53793 7.5014 0
287 6.29226 7.19556 0
288 6.56937 6.86558 0
289 5.9798 7.0552 0
290 5.9189 6.37306 0
291 6.60255 6.41457 0
292 7.31281 7.08149 0
293 7.07179 7.55555 0
294 6.09705 7.05948 0
295 5.84453 6.10101 0
296 6.29131 5.88234 0
297 8.06809 6.29622 0
298 6.9173 7.92639 0
299 6.37421 6.94643 0
300 9.28848 6.28333 0
301 7.73364 9.09866 0
302 7.87021 7.63605 0
303 7.94201 7.70686 0
304 7.00875 7.85877 0
305 7.56204 6.93347 0
306 6.16269 7.37854 0
307 7.19045 6.09985 0
308 6.56852 7.00386 0
309 7.31408 6.56182 0
310 7.55175 7.20602 0
311 6.38757 7.47267 0
312 6.87995 6.28758 0
313 5.84872 6.79231 0
314 6.15611 5.81409 0
315 6.72496 6.07527 0
316 5.27381 6.60765 0
317 6.47865 5.19484 0
318 5.4939 6.33153 0
319 6.19981 5.37064 0
320 5.68641 6.07465 0
321 5.69239 5.53983 0
322 5.48292 5.57248 0
323 5.35308 5.43358 0
324 5.6069 5.28679 0
325 6.38322 5.56367 0
326 5.51236 6.18846 0
327 5.13156 5.42757 0
328 4.81883 5.02556 0
329 5.87523 4.73872 0
330 5.35611 5.71406 0
331 5.49936 5.26208 0
332 5.69009 5.33038 0
333 6.39809 5.54528 0
334 6.31667 6.12472 0
335 5.31982 6.20448 0
336 5.0931 5.23033 0
337 6.60198 5.02374 0
338 6.974 6.48423 0
339 5.96679 6.73319 0
340 6.82112 5.78076 0
341 6.53911 6.45064 0
342 6.36411 6.15303 0
343 5.94027 6.20603 0
344 6.15034 5.74666 0
345 6.06888 6.01918 0
346 5.10383 5.74882 0
347 6.62164 4.96631 0
348 6.076 6.2498 0
349 6.25303 5.91446 0
350 6.00114 5.98186 0
351 5.93914 5.87271 0
352 5.0838 5.76604 0
353 5.5578 4.93668 0
354 5.78638 5.39888 0
355 6.26803 5.66978 0
356 6.79304 6.06391 0
357 4.45555 6.55532 0
358 7.3745 4.51507 0
359 7.49792 7.07948 0
360 6.71917 7.21872 0
361 5.8747 6.55734 0
362 6.36766 5.85001 0
363 6.06116 6.29204 0
364 7.11406 6.00655 0
365 6.85385 6.76139 0
366 6.49053 6.36142 0
367 8.59771 5.8424 0
368 8.44966 7.85554 0
369 7.18524 7.58481 0
370 7.82251 6.82439 0
371 6.87735 7.29241 0
372 7.60743 6.41433 0
373 6.66558 7.11673 0
374 7.51418 6.15955 0
375 7.38181 7.00785 0
376 6.52523 6.9297 0
377 6.55513 6.25152 0
378 6.9728 6.24232 0
379 6.42508 6.69114 0
380 6.86449 6.25223 0
381 6.65506 6.54692 0
382 4.84207 6.17882 0
383 7.17553 4.56878 0
384 5.93251 6.57993 0
385 6.9472 5.78361 0
386 6.59843 6.99919 0
387 6.98848 6.57011 0
388 5.80282 6.97487 0
389 6.08236 5.9207 0
390 6.7384 6.08134 0
391 5.27196 6.93622 0
392 5.95548 5.42372 0
393 5.61476 6.08545 0
394 5.39735 5.86293 0
395 6.54695 5.62001 0
396 5.8581 6.82637 0
397 5.67937 5.97157 0
398 5.49171 5.84984 0
399 6.43919 5.57719 0
400 5.15581 6.5765 0
401 5.08039 5.36837 0
402 5.08615 5.26118 0
403 5.10132 5.14818 0
404 5.12524 5.22236 0
405 5.34785 5.17328 0
406 5.586 5.42492 0
407 4.73162 5.79363 0
408 4.27839 4.78822 0
409 5.22041 4.42106 0
410 4.71716 5.29729 0
411 4.84364 4.671 0
412 4.20352 4.9609 0
413 4.74545 4.40999 0
414 4.53665 4.89103 0
415 4.49814 4.71297 0
416 5.39759 4.684 0
417 5.02993 5.57328 0
418 4.21713 5.22869 0
419 4.36945 4.58135 0
420 4.80885 4.58248 0
421 4.94091 5.06875 0
422 4.92448 5.14811 0
423 4.78906 5.21704 0
424 4.63032 5.0256 0
425 4.3024 4.90413 0
426 5.15013 4.57175 0
427 4.49484 5.41987 0
428 4.13867 4.81119 0
429 4.62097 4.45606 0
430 4.55751 4.91756 0
431 4.05742 4.76347 0
432 5.00425 4.36069 0
433 5.07161 5.16086 0
434 5.20972 5.33349 0
435 5.34906 5.52635 0
436 4.65737 5.58907 0
437 4.28333 5.018 0
438 5.15556 4.62797 0
439 4.77061 5.43609 0
440 5.06447 5.03314 0
441 5.24294 5.27523 0
442 4.61945 5.59637 0
443 5.11396 4.87835 0
444 4.48505 5.41091 0
445 3.79364 4.8619 0
446 4.5201 4.1708 0
447 5.1072 4.84082 0
448 4.56909 5.26579 0
449 4.27785 4.84845 0
450 3.84354 4.62946 0
451 4.8028 4.23156 0
452 4.48628 5.03863 0
453 4.7685 4.88643 0
454 3.88037 5.01436 0
455 4.29798 4.26427 0
456 4.30855 4.72041 0
457 4.21993 4.71031 0
458 4.13109 4.51046 0
459 5.13384 4.48292 0
460 4.81262 5.40957 0
461 4.25237 5.05627 0
462 4.35882 4.74184 0
463 4.2307 4.73271 0
464 4.52325 4.66974 0
465 4.47474 4.97283 0
466 4.81236 4.93098 0
467 4.92654 5.3032 0
468 5.12207 5.2594 0
469 4.63313 5.51756 0
470 4.5643 4.9348 0
471 5.49074 4.96626 0
472 6.30089 5.74224 0
473 5.45125 6.6446 0
474 5.8498 5.84789 0
475 6.10238 6.20175 0
476 5.62828 6.52534 0
477 5.87003 6.02313 0
478 5.7144 6.3849 0
479 5.47513 6.10617 0
480 5.04578 6.00789 0
481 5.0799 5.56982 0
482 5.78889 5.56697 0
483 5.58536 6.19286 0
484 5.05003 6.03091 0
485 5.34886 5.52618 0
486 5.97182 5.75932 0
487 5.86446 6.39215 0
488 5.70534 6.41483 0
489 5.43387 6.28661 0
490 5.73477 5.87925 0
491 5.63669 6.26702 0
492 5.68803 6.19052 0
493 5.59666 6.24525 0
494 5.78821 6.19122 0
495 5.63525 6.3216 0
496 5.41626 6.19318 0
497 5.80595 5.91616 0
498 5.62251 6.33178 0
499 5.49474 6.18535 0
500 5.67646 6.08991 0
501 5.24237 6.18242 0
502 5.38563 5.85427 0
503 5.20808 5.97742 0
504 5.64063 5.7719 0
505 5.26755 6.17555 0
506 4.65348 5.90546 0
507 5.23738 5.30319 0
508 5.57325 5.83033 0
509 6.34211 6.13047 0
510 5.78454 6.71003 0
511 4.99481 6.21301 0
512 5.13048 5.44769 0
513 5.1587 5.58085 0
514 5.4223 5.65017 0
515 5.40267 5.90521 0
516 5.80157 5.79993 0
517 4.92397 6.20088 0
518 6.06388 5.35504 0
519 5.91306 6.42838 0
520 5.4471 6.22685 0
521 6.23195 5.78288 0
522 5.45604 6.608 0
523 5.71337 5.88803 0
524 5.68846 6.17652 0
525 5.4397 6.10842 0
526 5.57737 5.89432 0
527 6.07832 5.98056 0
528 5.69969 6.3613 0
529 6.25815 5.92252 0
530 5.7947 6.49102 0
531 6.09007 6.01954 0
532 6.18829 6.26549 0
533 6.09976 6.42257 0
534 5.6523 6.31585 0
535 5.56003 5.89876 0
536 6.55318 5.86498 0
537 7.21258 6.73937 0
538 7.08468 7.5059 0
539 6.07388 7.51103 0
540 6.87705 6.50361 0
541 5.79758 7.17687 0
542 5.41793 6.16607 0
543 6.57714 5.92997 0
544 6.23554 6.62725 0
545 6.69711 6.4945 0
546 5.84409 6.86014 0
547 7.01161 6.27333 0
548 6.99805 7.43465 0
549 7.6336 7.14565 0
550 6.52754 7.7622 0
551 6.81024 6.73653 0
552 7.3925 7.04738 0
553 6.30257 7.64751 0
554 6.15366 6.54719 0
555 7.34688 6.48302 0
556 6.46791 7.55453 0
557 6.02224 6.75553 0
558 7.18341 6.46071 0
559 5.90985 7.56332 0
560 5.63432 6.2104 0
561 6.00767 5.98226 0
562 5.82738 6.3514 0
563 5.7958 6.26522 0
564 6.78667 6.24925 0
565 6.6587 7.11886 0
566 5.948 7.14043 0
567 5.46791 6.50964 0
568 5.81163 6.07294 0
569 6.93569 6.40992 0
570 6.25924 7.38902 0
571 5.13611 6.77203 0
572 6.23184 5.75907 0
573 6.52955 6.85667 0
574 5.86129 6.9909 0
575 5.91343 6.44743 0
576 5.89605 6.35864 0
577 6.42931 6.50977 0
578 6.83055 6.89773 0
579 6.2591 7.3255 0
580 6.4007 6.89519 0
581 6.37787 7.11886 0
582 5.82684 7.14419 0
583 6.86922 6.60926 0
584 6.10448 7.52119 0
585 5.50593 6.82466 0
586 7.39535 6.34158 0
587 6.76318 8.07154 0
588 6.42015 7.50829 0
589 6.49638 7.18212 0
590 6.63196 7.28431 0
591 7.05784 7.27508 0
592 6.86014 7.66514 0
593 7.09311 7.50714 0
594 6.72931 7.77087 0
595 7.10969 7.38687 0
596 6.39111 7.73332 0
597 5.98898 7.07336 0
598 6.25626 6.73352 0
599 5.92434 6.98615 0
600 6.35859 6.72628 0
601 6.4127 7.15711 0
602 6.67672 7.14554 0
603 6.37098 7.32273 0
604 6.40789 7.07062 0
605 7.75013 6.92145 0
606 7.88035 8.45446 0
607 7.12445 8.52453 0
608 8.01163 7.98902 0
609 7.74583 8.79915 0
610 6.13719 8.55609 0
611 6.29108 6.96725 0
612 6.04738 7.16798 0
613 5.87714 6.88056 0
614 6.27859 6.73725 0
615 6.24296 7.15523 0
616 6.41446 7.23323 0
617 5.82567 7.48148 0
618 6.80059 6.8665 0
619 6.54653 7.65168 0
620 6.42195 7.51128 0
621 7.15529 7.21109 0
622 7.2845 8.0143 0
623 6.50998 8.05707 0
624 6.07996 7.5458 0
625 7.31701 7.08022 0
626 6.37065 8.06802 0
627 7.02838 7.17148 0
628 6.21733 7.81968 0
629 6.28379 6.99577 0
630 6.99416 7.03466 0
631 6.33848 7.88438 0
632 5.70099 7.21519 0
633 6.84692 6.52421 0
634 6.52123 7.66564 0
635 6.01856 7.38941 0
636 6.78545 6.8437 0
637 6.54847 7.53051 0
638 5.35396 7.37694 0
639 6.06947 6.24455 0
640 6.80059 6.91905 0
641 5.74743 7.59535 0
642 6.33589 6.64341 0
643 6.38563 7.14154 0
644 5.66329 7.235 0
645 5.90712 6.56509 0
646 6.31202 6.78023 0
647 6.7923 7.04462 0
648 6.30053 7.43293 0
649 6.38342 7.02145 0
650 5.6189 7.18028 0
651 5.91873 6.49152 0
652 6.09549 6.67111 0
653 5.98897 6.86022 0
654 6.25638 6.87483 0
655 6.24346 7.06019 0
656 5.50468 6.98912 0
657 5.67284 6.2346 0
658 5.38537 6.4376 0
659 6.49834 6.25783 0
660 5.35346 7.23987 0
661 5.24275 6.12534 0
662 6.09236 6.11291 0
663 5.2743 6.92542 0
664 5.64309 6.07217 0
665 6.02857 6.39386 0
666 5.68481 6.83407 0
667 5.96373 6.47616 0
668 5.41326 6.77981 0
669 5.72039 6.24379 0
670 6.4576 6.39657 0
671 5.57337 7.18601 0
672 5.91532 6.34063 0
673 5.1362 6.79187 0
674 5.43752 6.06155 0
675 5.85667 6.38175 0
676 5.34192 6.79091 0
677 5.14867 6.28377 0
678 5.12583 6.11086 0
679 4.9568 6.06319 0
680 5.58596 5.93302 0
681 5.31792 6.58197 0
682 5.1374 6.35598 0
683 5.28219 6.1596 0
684 5.17022 6.22324 0
685 5.65052 6.11504 0
686 5.05402 6.57313 0
687 5.55341 6.04719 0
688 5.22666 6.48834 0
689 5.08538 6.13051 0
690 5.3901 6.15266 0
691 5.50812 6.38186 0
692 4.8076 6.54007 0
693 6.31062 5.91192 0
694 5.05084 7.25901 0
695 5.13324 6.17624 0
696 4.91622 6.13631 0
697 4.65331 6.05573 0
698 4.74728 5.73149 0
699 5.39632 5.83911 0
700 5.19188 6.44412 0
701 4.58449 6.24432 0
702 4.71468 5.65788 0
703 4.68651 5.7167 0
704 4.86276 5.72837 0
705 5.20208 5.92381 0
706 5.05369 6.30902 0
707 4.73181 6.11888 0
708 5.25537 5.76438 0
709 4.94415 6.27276 0
710 5.39995 5.92334 0
711 5.54192 6.32295 0
712 5.05346 6.45578 0
713 4.61346 6.01862 0
714 5.40197 5.72127 0
715 5.09709 6.34515 0
716 5.85775 6.04719 0
717 5.96635 6.54984 0
718 7.73349 6.61009 0
719 6.23722 8.15499 0
720 6.25754 6.70348 0
721 6.145 6.88409 0
722 6.76744 6.69383 0
723 5.56278 7.42608 0
724 6.96505 6.27928 0
725 7.34809 7.40993 0
726 7.10936 7.77101 0
727 6.54148 7.53111 0
728 5.81725 7.04449 0
729 6.69696 6.46202 0
730 5.83293 7.21386 0
731 5.59302 6.41673 0
732 6.23198 6.17052 0
733 5.66834 6.81955 0
734 5.43034 6.42197 0
735 5.99016 6.20674 0
736 5.83197 6.63414 0
737 5.82318 6.48127 0
738 5.9617 6.44018 0
739 6.17057 6.58382 0
740 6.25239 6.84272 0
741 5.90685 6.83902 0
742 6.09852 6.64523 0
743 5.70612 6.89936 0
744 5.89177 6.40322 0
745 6.91619 6.73195 0
746 6.46001 7.67861 0
747 6.68026 7.22187 0
748 5.75558 7.49939 0
749 6.57602 6.71055 0
750 5.95731 7.42099 0
751 7.64932 6.82283 0
752 6.42583 8.41313 0
753 6.65529 7.38193 0
754 6.41473 7.47641 0
755 6.34922 7.27028 0
756 6.93376 7.2732 0
757 6.94535 7.67563 0
758 6.94789 7.71961 0
759 7.74295 7.81567 0
760 6.89673 8.5109 0
761 7.60928 7.76172 0
762 7.82764 8.44758 0
763 7.18533 8.70187 0
764 7.27528 8.04678 0
765 7.28375 8.22001 0
766 7.74226 8.18277 0
767 6.0482 8.59177 0
768 6.61149 7.06868 0
769 6.28483 7.60379 0
770 6.58924 7.11924 0
771 6.29397 7.54171 0
772 6.9196 7.27815 0
773 7.04958 7.83718 0
774 6.53295 8.04621 0
775 8.37187 7.53354 0
776 9.55416 8.83665 0
777 8.68769 10.2357 0
778 8.79269 9.21853 0
779 8.47489 9.28298 0
780 7.60712 9.16522 0
781 7.75067 8.32975 0
782 6.86376 8.43779 0
783 7.78402 7.55211 0
784 7.01982 8.41288 0
785 6.66679 7.64338 0
786 6.05651 7.32306 0
787 6.6719 6.80426 0
788 6.84707 7.26716 0
789 6.82883 7.57055 0
790 6.22775 7.50496 0
791 7.09224 6.92308 0
792 7.09098 7.70116 0
793 7.78936 7.89241 0
794 7.04588 8.52443 0
795 6.68015 7.95833 0
796 8.00755 7.65538 0
797 6.90219 8.82552 0
798 6.31866 7.77409 0
799 6.73557 7.10935 0
800 7.56265 7.59206 0
801 7.75636 8.44548 0
802 7.5982 8.71504 0
803 6.87229 8.43717 0
804 6.41349 7.81912 0
805 6.66017 7.43106 0
806 6.50185 7.56843 0
807 7.11451 7.35238 0
808 7.28837 8.07239 0
809 6.97798 8.28681 0
810 6.58412 8.0441 0
811 7.97204 7.54798 0
812 6.84031 9.04305 0
813 7.30424 7.97166 0
814 6.67183 8.31286 0
815 6.4935 7.8543 0
816 6.75272 7.68016 0
817 6.79964 7.90741 0
818 7.4932 7.9618 0
819 6.09689 8.62824 0
820 6.59135 7.18273 0
821 6.23155 7.64722 0
822 6.95839 7.40435 0
823 6.10328 8.05712 0
824 7.14929 7.2649 0
825 6.40514 8.30233 0
826 5.7332 7.59226 0
827 7.19985 6.94503 0
828 7.02289 8.34435 0
829 7.03531 8.12421 0
830 5.82879 8.16783 0
831 6.20557 7.13748 0
832 5.72999 7.40858 0
833 5.55754 7.00572 0
834 6.12307 6.82158 0
835 5.21558 7.44313 0
836 6.14241 6.65564 0
837 5.49754 7.50637 0
838 6.04847 6.93627 0
839 5.5244 7.39786 0
840 6.61508 6.98148 0
841 5.80635 7.98265 0
842 6.83487 7.34704 0
843 6.33658 8.2349 0
844 6.66779 7.46231 0
845 6.84863 7.67431 0
846 6.42282 7.93765 0
847 6.37052 7.53326 0
848 6.59607 7.44794 0
849 6.53165 7.81492 0
850 6.42172 7.7594 0
851 5.92423 7.64708 0
852 8.38345 7.19303 0
853 8.00848 9.65478 0
854 8.70623 9.00988 0
855 7.03818 9.74425 0
856 7.71714 7.99938 0
857 7.65947 8.69179 0
858 6.78811 8.67261 0
859 7.32563 7.91746 0
860 7.35188 8.35744 0
861 7.5416 8.38246 0
862 7.20294 8.55706 0
863 6.73844 8.32731 0
864 6.67605 7.83921 0
865 6.64098 7.68415 0
866 6.96289 7.78317 0
867 6.45786 8.02047 0
868 8.00261 7.48615 0
869 6.33524 9.05811 0
870 6.34031 7.5055 0
871 6.69206 7.42499 0
872 6.94 7.69468 0
873 6.92747 7.81055 0
874 7.76161 7.83751 0
875 5.96295 8.86196 0
876 7.30783 7.09977 0
877 7.29509 8.41126 0
878 6.14644 8.30875 0
879 6.81777 7.26263 0
880 6.45352 8.0015 0
881 6.75265 7.618 0
882 6.4636 7.89341 0
883 6.63 7.67129 0
884 6.94745 7.64456 0
885 6.55675 7.98862 0
886 6.31591 7.65576 0
887 6.66748 7.43903 0
888 5.75627 7.90345 0
889 6.24255 6.77981 0
890 5.59312 7.36692 0
891 7.40253 6.68648 0
892 6.41559 8.37526 0
893 7.02685 7.39849 0
894 7.64357 7.99849 0
895 6.51198 8.69704 0
896 7.23838 7.57446 0
897 6.52379 8.26735 0
898 6.94742 7.53718 0
899 6.65517 8.01037 0
900 6.80026 7.8663 0
901 6.96872 7.78141 0
902 6.80366 8.09967 0
903 6.55879 7.84883 0
904 6.26684 7.54354 0
905 6.81872 7.31098 0
906 7.48687 7.94587 0
907 6.86005 8.41998 0
908 6.30666 7.88813 0
909 6.29023 7.32339 0
910 6.31883 7.2581 0
911 6.17666 7.41552 0
912 6.26462 7.28272 0
913 6.40293 7.38697 0
914 6.55515 7.45007 0
915 5.89139 7.63182 0
916 5.54196 7.0052 0
917 6.38869 6.63504 0
918 6.60109 7.4145 0
919 6.33498 7.61014 0
920 5.77473 7.52168 0
921 6.7877 6.89645 0
922 5.62611 7.97001 0
923 7.14192 6.80843 0
924 5.82243 8.31744 0
925 7.38217 6.97765 0
926 6.86756 8.54996 0
927 7.2143 7.93879 0
928 6.4582 8.42574 0
929 6.48428 7.59507 0
930 6.98902 7.69778 0
931 6.57301 8.11494 0
932 6.4845 7.70942 0
933 6.36479 7.62204 0
934 6.30539 7.56291 0
935 6.30071 7.54215 0
936 7.84392 7.43582 0
937 7.38437 8.89307 0
938 7.28805 8.88126 0
939 7.47206 8.77145 0
940 7.74879 8.87283 0
941 7.67326 9.20413 0
942 7.41317 9.08084 0
943 7.76886 9.00933 0
944 6.63602 9.324 0
945 7.27897 8.09381 0
946 7.09251 8.68206 0
947 7.09148 8.59192 0
948 7.78657 8.69228 0
949 6.62023 9.32517 0
950 7.29899 8.11969 0
951 5.96278 8.80537 0
952 6.24794 7.56684 0
953 6.47638 7.76211 0
954 6.47892 8.02989 0
955 6.87315 8.0308 0
956 7.07666 8.54049 0
957 6.4446 8.97732 0
958 6.02923 8.34421 0
959 6.48721 7.84542 0
960 7.446 8.31535 0
961 6.0276 9.23411 0
962 6.83999 7.80768 0
963 6.28893 8.64628 0
964 6.25811 8.14019 0
965 7.11247 8.03741 0
966 5.86797 8.94276 0
967 5.65969 7.67366 0
968 6.89099 7.53284 0
969 6.07283 8.74929 0
970 6.86351 7.785 0
971 6.43583 8.58529 0
972 5.49818 8.22574 0
973 6.3089 7.30309 0
974 6.29879 8.18193 0
975 6.12489 8.14299 0
976 6.79189 7.8538 0
977 6.07352 8.49653 0
978 6.23335 7.86972 0
979 5.85966 8.03145 0
980 5.67494 7.60757 0
981 6.09249 7.46157 0
982 6.06719 7.84523 0
983 5.70914 8.00979 0
984 6.59346 7.51617 0
985 7.30065 8.52616 0
986 6.79059 8.84483 0
987 6.48263 8.39333 0
988 7.06611 8.12599 0
989 6.52678 8.74824 0
990 6.56214 8.25286 0
991 6.55352 8.37513 0
992 6.33446 8.41446 0
993 6.03936 8.13515 0
994 7.58305 7.97618 0
995 7.76101 9.40407 0
996 7.3456 9.74453 0
997 5.77209 9.24797 0
998 7.36297 7.68461 0
999 6.91609 9.17583 0
