0 0.295043 0 0
1 0.232229 0.300905 0
2 0.197505 0.240906 0
3 0.178772 0.207125 0
4 0.168112 0.187407 0
5 0.161445 0.175609 0
6 0.15681 0.168223 0
7 0.153268 0.163178 0
8 0.150353 0.1594 0
9 0.14782 0.15635 0
10 0.145531 0.153741 0
11 0.143406 0.151416 0
12 0.141397 0.149284 0
13 0.139474 0.147296 0
14 0.137618 0.145428 0
15 0.135817 0.143665 0
16 0.13406 0.142 0
17 0.132341 0.140425 0
18 0.130655 0.138931 0
19 0.128995 0.137509 0
20 0.127357 0.136144 0
21 0.125737 0.134822 0
22 0.124131 0.133531 0
23 0.122534 0.132258 0
24 0.120945 0.130995 0
25 0.119364 0.129734 0
26 0.117793 0.128471 0
27 0.116234 0.127207 0
28 0.114694 0.125941 0
29 0.113175 0.124677 0
30 0.111683 0.123421 0
31 0.11022 0.122176 0
32 0.108787 0.120948 0
33 0.107383 0.119742 0
34 0.106008 0.118561 0
35 0.104662 0.117409 0
36 0.103346 0.116288 0
37 0.10206 0.115199 0
38 0.100807 0.114141 0
39 0.0995888 0.113115 0
40 0.0984075 0.112118 0
41 0.0972617 0.111148 0
42 0.0961489 0.110203 0
43 0.0950657 0.109281 0
44 0.0940085 0.108379 0
45 0.0929741 0.107494 0
46 0.0919597 0.106626 0
47 0.090963 0.105772 0
48 0.0899823 0.10493 0
49 0.0890161 0.104099 0
50 0.0880637 0.103276 0
51 0.0871246 0.102462 0
52 0.0861986 0.101654 0
53 0.085286 0.100852 0
54 0.084387 0.100056 0
55 0.0835023 0.099266 0
56 0.0826323 0.0984822 0
57 0.0817774 0.0977053 0
58 0.080938 0.096936 0
59 0.0801142 0.0961751 0
60 0.079306 0.0954231 0
61 0.078513 0.0946806 0
62 0.0777349 0.093948 0
63 0.0769713 0.0932255 0
64 0.0762217 0.0925134 0
65 0.0754857 0.0918117 0
66 0.0747633 0.091121 0
67 0.0740542 0.0904415 0
68 0.0733588 0.0897738 0
69 0.0726774 0.0891187 0
70 0.0720103 0.0884768 0
71 0.071358 0.0878489 0
72 0.0707206 0.0872356 0
73 0.0700983 0.0866373 0
74 0.0694908 0.0860542 0
75 0.0688979 0.0854865 0
76 0.0683192 0.084934 0
77 0.0677544 0.0843966 0
78 0.0672031 0.083874 0
79 0.0666649 0.0833657 0
80 0.0661396 0.0828715 0
81 0.0656269 0.0823908 0
82 0.0651264 0.0819232 0
83 0.0646377 0.0814682 0
84 0.0641606 0.0810254 0
85 0.0636944 0.0805943 0
86 0.0632386 0.0801744 0
87 0.0627928 0.0797654 0
88 0.0623563 0.0793668 0
89 0.0619287 0.0789781 0
90 0.0615095 0.078599 0
91 0.0610981 0.0782291 0
92 0.0606942 0.077868 0
93 0.0602974 0.0775153 0
94 0.0599073 0.0771706 0
95 0.0595236 0.0768337 0
96 0.059146 0.0765041 0
97 0.0587742 0.0761815 0
98 0.058408 0.0758657 0
99 0.0580471 0.0755563 0
100 0.0576914 0.075253 0
101 0.0573407 0.0749556 0
102 0.0569949 0.0746639 0
103 0.0566537 0.0743777 0
104 0.0563171 0.0740967 0
105 0.055985 0.0738207 0
106 0.0556573 0.0735497 0
107 0.0553338 0.0732835 0
108 0.0550146 0.0730219 0
109 0.0546995 0.0727649 0
110 0.0543885 0.0725123 0
111 0.0540815 0.072264 0
112 0.0537784 0.07202 0
113 0.0534792 0.0717802 0
114 0.0531838 0.0715445 0
115 0.0528922 0.0713127 0
116 0.0526042 0.071085 0
117 0.0523198 0.070861 0
118 0.052039 0.0706409 0
119 0.0517617 0.0704244 0
120 0.0514877 0.0702115 0
121 0.0512171 0.0700022 0
122 0.0509498 0.0697963 0
123 0.0506857 0.0695937 0
124 0.0504248 0.0693945 0
125 0.050167 0.0691984 0
126 0.0499122 0.0690056 0
127 0.0496605 0.0688158 0
128 0.0494118 0.0686291 0
129 0.0491662 0.0684455 0
130 0.0489235 0.0682649 0
131 0.0486837 0.0680872 0
132 0.0484469 0.0679126 0
133 0.0482131 0.0677409 0
134 0.0479821 0.0675721 0
135 0.0477539 0.0674063 0
136 0.0475286 0.0672434 0
137 0.047306 0.0670835 0
138 0.0470861 0.0669264 0
139 0.0468688 0.0667721 0
140 0.0466541 0.0666207 0
141 0.0464419 0.066472 0
142 0.0462322 0.0663261 0
143 0.0460248 0.0661828 0
144 0.0458198 0.0660421 0
145 0.045617 0.0659039 0
146 0.0454165 0.0657682 0
147 0.0452181 0.0656349 0
148 0.0450218 0.065504 0
149 0.0448276 0.0653754 0
150 0.0446354 0.0652489 0
151 0.0444452 0.0651246 0
152 0.0442569 0.0650023 0
153 0.0440705 0.064882 0
154 0.043886 0.0647636 0
155 0.0437033 0.0646471 0
156 0.0435224 0.0645324 0
157 0.0433433 0.0644194 0
158 0.0431659 0.0643081 0
159 0.0429902 0.0641983 0
160 0.0428162 0.0640901 0
161 0.0426438 0.0639835 0
162 0.042473 0.0638782 0
163 0.0423038 0.0637744 0
164 0.0421361 0.0636719 0
165 0.04197 0.0635708 0
166 0.0418053 0.0634709 0
167 0.0416421 0.0633722 0
168 0.0414804 0.0632748 0
169 0.0413201 0.0631786 0
170 0.0411611 0.0630835 0
171 0.0410035 0.0629895 0
172 0.0408472 0.0628966 0
173 0.0406921 0.0628047 0
174 0.0405384 0.0627139 0
175 0.0403859 0.0626241 0
176 0.0402346 0.0625353 0
177 0.0400846 0.0624474 0
178 0.0399357 0.0623604 0
179 0.039788 0.0622744 0
180 0.0396415 0.0621892 0
181 0.0394962 0.0621048 0
182 0.039352 0.0620213 0
183 0.0392089 0.0619385 0
184 0.039067 0.0618565 0
185 0.0389263 0.0617753 0
186 0.0387867 0.0616948 0
187 0.0386482 0.061615 0
188 0.0385108 0.0615359 0
189 0.0383746 0.0614575 0
190 0.0382395 0.0613797 0
191 0.0381055 0.0613026 0
192 0.0379726 0.0612261 0
193 0.0378408 0.0611502 0
194 0.03771 0.061075 0
195 0.0375804 0.0610003 0
196 0.0374518 0.0609262 0
197 0.0373243 0.0608527 0
198 0.0371978 0.0607797 0
199 0.0370724 0.0607073 0
200 0.0369479 0.0606354 0
201 0.0368244 0.0605641 0
202 0.0367019 0.0604933 0
203 0.0365804 0.0604231 0
204 0.0364598 0.0603534 0
205 0.0363402 0.0602841 0
206 0.0362214 0.0602154 0
207 0.0361035 0.0601472 0
208 0.0359865 0.0600795 0
209 0.0358704 0.0600123 0
210 0.0357551 0.0599455 0
211 0.0356406 0.0598793 0
212 0.0355269 0.0598135 0
213 0.035414 0.0597482 0
214 0.0353018 0.0596833 0
215 0.0351905 0.0596189 0
216 0.0350798 0.059555 0
217 0.0349699 0.0594916 0
218 0.0348607 0.0594286 0
219 0.0347521 0.059366 0
220 0.0346443 0.0593039 0
221 0.0345372 0.0592422 0
222 0.0344307 0.059181 0
223 0.0343249 0.0591203 0
224 0.0342197 0.0590599 0
225 0.0341152 0.0590001 0
226 0.0340113 0.0589406 0
227 0.0339081 0.0588816 0
228 0.0338055 0.0588231 0
229 0.0337035 0.058765 0
230 0.0336022 0.0587073 0
231 0.0335015 0.0586501 0
232 0.0334014 0.0585933 0
233 0.033302 0.058537 0
234 0.0332033 0.0584811 0
235 0.0331051 0.0584256 0
236 0.0330076 0.0583706 0
237 0.0329108 0.058316 0
238 0.0328146 0.0582619 0
239 0.032719 0.0582083 0
240 0.0326241 0.0581551 0
241 0.0325299 0.0581023 0
242 0.0324363 0.0580501 0
243 0.0323433 0.0579982 0
244 0.032251 0.0579469 0
245 0.0321593 0.057896 0
246 0.0320683 0.0578455 0
247 0.0319779 0.0577955 0
248 0.0318882 0.057746 0
249 0.0317991 0.057697 0
250 0.0317106 0.0576484 0
251 0.0316228 0.0576003 0
252 0.0315356 0.0575526 0
253 0.0314491 0.0575054 0
254 0.0313631 0.0574587 0
255 0.0312778 0.0574125 0
256 0.0311931 0.0573666 0
257 0.031109 0.0573213 0
258 0.0310255 0.0572764 0
259 0.0309425 0.057232 0
260 0.0308602 0.057188 0
261 0.0307785 0.0571444 0
262 0.0306973 0.0571013 0
263 0.0306167 0.0570587 0
264 0.0305367 0.0570165 0
265 0.0304573 0.0569747 0
266 0.0303783 0.0569333 0
267 0.0303 0.0568924 0
268 0.0302221 0.0568519 0
269 0.0301449 0.0568118 0
270 0.0300681 0.0567721 0
271 0.0299918 0.0567329 0
272 0.0299161 0.056694 0
273 0.0298408 0.0566556 0
274 0.0297661 0.0566175 0
275 0.0296918 0.0565798 0
276 0.0296181 0.0565425 0
277 0.0295448 0.0565056 0
278 0.0294719 0.0564691 0
279 0.0293996 0.056433 0
280 0.0293276 0.0563972 0
281 0.0292562 0.0563617 0
282 0.0291852 0.0563267 0
283 0.0291146 0.056292 0
284 0.0290444 0.0562576 0
285 0.0289747 0.0562236 0
286 0.0289054 0.0561899 0
287 0.0288365 0.0561565 0
288 0.028768 0.0561235 0
289 0.0287 0.0560908 0
290 0.0286323 0.0560584 0
291 0.028565 0.0560263 0
292 0.0284981 0.0559945 0
293 0.0284316 0.0559631 0
294 0.0283655 0.0559319 0
295 0.0282998 0.055901 0
296 0.0282344 0.0558704 0
297 0.0281694 0.0558401 0
298 0.0281048 0.0558101 0
299 0.0280406 0.0557804 0
300 0.0279767 0.0557509 0
301 0.0279131 0.0557217 0
302 0.02785 0.0556928 0
303 0.0277871 0.0556641 0
304 0.0277247 0.0556356 0
305 0.0276625 0.0556075 0
306 0.0276008 0.0555795 0
307 0.0275393 0.0555518 0
308 0.0274782 0.0555244 0
309 0.0274174 0.0554972 0
310 0.027357 0.0554702 0
311 0.0272969 0.0554434 0
312 0.0272371 0.0554169 0
313 0.0271776 0.0553905 0
314 0.0271185 0.0553644 0
315 0.0270596 0.0553385 0
316 0.0270011 0.0553128 0
317 0.0269429 0.0552874 0
318 0.0268849 0.0552621 0
319 0.0268273 0.055237 0
320 0.02677 0.0552121 0
321 0.026713 0.0551874 0
322 0.0266562 0.0551629 0
323 0.0265998 0.0551386 0
324 0.0265436 0.0551145 0
325 0.0264877 0.0550905 0
326 0.0264321 0.0550668 0
327 0.0263768 0.0550432 0
328 0.0263217 0.0550197 0
329 0.0262669 0.0549965 0
330 0.0262124 0.0549734 0
331 0.0261581 0.0549504 0
332 0.0261041 0.0549277 0
333 0.0260503 0.0549051 0
334 0.0259968 0.0548826 0
335 0.0259436 0.0548603 0
336 0.0258906 0.0548381 0
337 0.0258379 0.0548161 0
338 0.0257855 0.0547942 0
339 0.0257333 0.0547725 0
340 0.0256813 0.0547509 0
341 0.0256296 0.0547294 0
342 0.0255781 0.0547081 0
343 0.0255269 0.0546869 0
344 0.025476 0.0546658 0
345 0.0254253 0.0546448 0
346 0.0253748 0.054624 0
347 0.0253246 0.0546033 0
348 0.0252746 0.0545827 0
349 0.0252249 0.0545622 0
350 0.0251754 0.0545419 0
351 0.0251261 0.0545216 0
352 0.025077 0.0545015 0
353 0.0250282 0.0544815 0
354 0.0249796 0.0544616 0
355 0.0249313 0.0544418 0
356 0.0248831 0.0544221 0
357 0.0248352 0.0544025 0
358 0.0247874 0.0543831 0
359 0.0247399 0.0543637 0
360 0.0246926 0.0543445 0
361 0.0246455 0.0543254 0
362 0.0245986 0.0543063 0
363 0.0245518 0.0542874 0
364 0.0245053 0.0542686 0
365 0.0244589 0.0542499 0
366 0.0244127 0.0542313 0
367 0.0243667 0.0542128 0
368 0.0243209 0.0541945 0
369 0.0242753 0.0541762 0
370 0.0242298 0.0541581 0
371 0.0241845 0.05414 0
372 0.0241393 0.0541221 0
373 0.0240943 0.0541043 0
374 0.0240495 0.0540866 0
375 0.0240048 0.054069 0
376 0.0239602 0.0540515 0
377 0.0239158 0.0540341 0
378 0.0238716 0.0540169 0
379 0.0238275 0.0539997 0
380 0.0237835 0.0539827 0
381 0.0237397 0.0539658 0
382 0.023696 0.053949 0
383 0.0236524 0.0539323 0
384 0.023609 0.0539157 0
385 0.0235657 0.0538992 0
386 0.0235225 0.0538829 0
387 0.0234794 0.0538667 0
388 0.0234365 0.0538506 0
389 0.0233937 0.0538346 0
390 0.023351 0.0538187 0
391 0.0233084 0.0538029 0
392 0.0232659 0.0537873 0
393 0.0232236 0.0537718 0
394 0.0231813 0.0537563 0
395 0.0231392 0.053741 0
396 0.0230972 0.0537259 0
397 0.0230553 0.0537108 0
398 0.0230136 0.0536958 0
399 0.0229719 0.053681 0
400 0.0229304 0.0536663 0
401 0.022889 0.0536516 0
402 0.0228477 0.0536371 0
403 0.0228065 0.0536227 0
404 0.0227654 0.0536084 0
405 0.0227244 0.0535942 0
406 0.0226836 0.0535802 0
407 0.0226429 0.0535662 0
408 0.0226023 0.0535523 0
409 0.0225618 0.0535385 0
410 0.0225215 0.0535248 0
411 0.0224813 0.0535112 0
412 0.0224412 0.0534977 0
413 0.0224012 0.0534842 0
414 0.0223614 0.0534709 0
415 0.0223217 0.0534576 0
416 0.0222822 0.0534444 0
417 0.0222428 0.0534313 0
418 0.0222035 0.0534182 0
419 0.0221644 0.0534052 0
420 0.0221254 0.0533923 0
421 0.0220865 0.0533794 0
422 0.0220478 0.0533666 0
423 0.0220092 0.0533538 0
424 0.0219708 0.0533411 0
425 0.0219325 0.0533285 0
426 0.0218944 0.0533158 0
427 0.0218564 0.0533032 0
428 0.0218186 0.0532907 0
429 0.0217809 0.0532782 0
430 0.0217434 0.0532657 0
431 0.021706 0.0532532 0
432 0.0216688 0.0532408 0
433 0.0216317 0.0532284 0
434 0.0215948 0.053216 0
435 0.0215581 0.0532036 0
436 0.0215215 0.0531913 0
437 0.021485 0.0531789 0
438 0.0214487 0.0531666 0
439 0.0214125 0.0531543 0
440 0.0213765 0.053142 0
441 0.0213407 0.0531297 0
442 0.021305 0.0531174 0
443 0.0212694 0.0531052 0
444 0.021234 0.053093 0
445 0.0211988 0.0530807 0
446 0.0211637 0.0530685 0
447 0.0211287 0.0530563 0
448 0.0210939 0.0530441 0
449 0.0210592 0.053032 0
450 0.0210247 0.0530198 0
451 0.0209904 0.0530077 0
452 0.0209561 0.0529956 0
453 0.020922 0.0529836 0
454 0.0208881 0.0529715 0
455 0.0208543 0.0529595 0
456 0.0208207 0.0529475 0
457 0.0207872 0.0529356 0
458 0.0207538 0.0529236 0
459 0.0207206 0.0529118 0
460 0.0206875 0.0528999 0
461 0.0206545 0.0528881 0
462 0.0206217 0.0528763 0
463 0.020589 0.0528646 0
464 0.0205565 0.0528529 0
465 0.0205241 0.0528413 0
466 0.0204918 0.0528297 0
467 0.0204597 0.0528182 0
468 0.0204276 0.0528067 0
469 0.0203958 0.0527953 0
470 0.020364 0.0527839 0
471 0.0203324 0.0527726 0
472 0.0203009 0.0527613 0
473 0.0202696 0.0527501 0
474 0.0202383 0.0527389 0
475 0.0202072 0.0527278 0
476 0.0201763 0.0527168 0
477 0.0201454 0.0527058 0
478 0.0201147 0.0526949 0
479 0.0200841 0.052684 0
480 0.0200536 0.0526732 0
481 0.0200233 0.0526625 0
482 0.019993 0.0526518 0
483 0.0199629 0.0526411 0
484 0.0199329 0.0526306 0
485 0.0199031 0.0526201 0
486 0.0198733 0.0526096 0
487 0.0198437 0.0525992 0
488 0.0198142 0.0525889 0
489 0.0197848 0.0525786 0
490 0.0197555 0.0525684 0
491 0.0197264 0.0525583 0
492 0.0196973 0.0525482 0
493 0.0196684 0.0525381 0
494 0.0196396 0.0525282 0
495 0.019611 0.0525183 0
496 0.0195824 0.0525084 0
497 0.019554 0.0524987 0
498 0.0195257 0.0524889 0
499 0.0194975 0.0524793 0
500 0.0194694 0.0524697 0
501 0.0194414 0.0524602 0
502 0.0194136 0.0524507 0
503 0.0193859 0.0524413 0
504 0.0193583 0.0524319 0
505 0.0193308 0.0524227 0
506 0.0193034 0.0524134 0
507 0.0192762 0.0524043 0
508 0.0192491 0.0523952 0
509 0.019222 0.0523862 0
510 0.0191951 0.0523772 0
511 0.0191684 0.0523683 0
512 0.0191417 0.0523595 0
513 0.0191152 0.0523507 0
514 0.0190887 0.052342 0
515 0.0190624 0.0523334 0
516 0.0190362 0.0523248 0
517 0.0190101 0.0523163 0
518 0.0189841 0.0523079 0
519 0.0189582 0.0522995 0
520 0.0189325 0.0522912 0
521 0.0189068 0.0522829 0
522 0.0188812 0.0522748 0
523 0.0188558 0.0522667 0
524 0.0188305 0.0522586 0
525 0.0188052 0.0522507 0
526 0.0187801 0.0522428 0
527 0.0187551 0.0522349 0
528 0.0187302 0.0522272 0
529 0.0187054 0.0522195 0
530 0.0186807 0.0522118 0
531 0.0186561 0.0522042 0
532 0.0186316 0.0521967 0
533 0.0186072 0.0521893 0
534 0.0185829 0.0521819 0
535 0.0185587 0.0521746 0
536 0.0185346 0.0521673 0
537 0.0185106 0.0521601 0
538 0.0184867 0.052153 0
539 0.0184629 0.0521459 0
540 0.0184392 0.0521389 0
541 0.0184156 0.052132 0
542 0.0183921 0.0521251 0
543 0.0183687 0.0521183 0
544 0.0183454 0.0521115 0
545 0.0183222 0.0521048 0
546 0.0182991 0.0520981 0
547 0.018276 0.0520915 0
548 0.0182531 0.052085 0
549 0.0182302 0.0520785 0
550 0.0182075 0.0520721 0
551 0.0181848 0.0520657 0
552 0.0181622 0.0520594 0
553 0.0181397 0.0520531 0
554 0.0181173 0.0520468 0
555 0.018095 0.0520407 0
556 0.0180727 0.0520345 0
557 0.0180506 0.0520284 0
558 0.0180285 0.0520224 0
559 0.0180065 0.0520164 0
560 0.0179846 0.0520105 0
561 0.0179627 0.0520046 0
562 0.017941 0.0519987 0
563 0.0179193 0.0519929 0
564 0.0178977 0.0519871 0
565 0.0178761 0.0519814 0
566 0.0178547 0.0519757 0
567 0.0178333 0.0519701 0
568 0.0178119 0.0519645 0
569 0.0177907 0.051959 0
570 0.0177695 0.0519535 0
571 0.0177484 0.051948 0
572 0.0177273 0.0519426 0
573 0.0177063 0.0519372 0
574 0.0176854 0.0519319 0
575 0.0176645 0.0519266 0
576 0.0176437 0.0519213 0
577 0.017623 0.0519161 0
578 0.0176023 0.0519109 0
579 0.0175817 0.0519058 0
580 0.0175611 0.0519007 0
581 0.0175406 0.0518957 0
582 0.0175202 0.0518907 0
583 0.0174998 0.0518857 0
584 0.0174794 0.0518808 0
585 0.0174592 0.0518759 0
586 0.0174389 0.051871 0
587 0.0174187 0.0518662 0
588 0.0173986 0.0518615 0
589 0.0173785 0.0518567 0
590 0.0173585 0.0518521 0
591 0.0173385 0.0518474 0
592 0.0173186 0.0518428 0
593 0.0172987 0.0518382 0
594 0.0172788 0.0518337 0
595 0.0172591 0.0518292 0
596 0.0172393 0.0518247 0
597 0.0172196 0.0518203 0
598 0.0172 0.0518159 0
599 0.0171804 0.0518115 0
600 0.0171608 0.0518072 0
601 0.0171413 0.0518029 0
602 0.0171218 0.0517986 0
603 0.0171024 0.0517943 0
604 0.017083 0.0517901 0
605 0.0170637 0.0517859 0
606 0.0170444 0.0517817 0
607 0.0170252 0.0517775 0
608 0.0170061 0.0517733 0
609 0.0169869 0.0517692 0
610 0.0169679 0.0517651 0
611 0.0169488 0.0517609 0
612 0.0169299 0.0517568 0
613 0.0169109 0.0517528 0
614 0.0168921 0.0517487 0
615 0.0168732 0.0517446 0
616 0.0168545 0.0517405 0
617 0.0168358 0.0517364 0
618 0.0168171 0.0517324 0
619 0.0167985 0.0517283 0
620 0.0167799 0.0517242 0
621 0.0167614 0.0517202 0
622 0.016743 0.0517161 0
623 0.0167246 0.051712 0
624 0.0167063 0.051708 0
625 0.016688 0.0517039 0
626 0.0166698 0.0516998 0
627 0.0166516 0.0516957 0
628 0.0166335 0.0516916 0
629 0.0166154 0.0516875 0
630 0.0165974 0.0516834 0
631 0.0165795 0.0516793 0
632 0.0165616 0.0516752 0
633 0.0165438 0.0516711 0
634 0.016526 0.051667 0
635 0.0165083 0.0516629 0
636 0.0164906 0.0516588 0
637 0.016473 0.0516547 0
638 0.0164555 0.0516506 0
639 0.016438 0.0516465 0
640 0.0164206 0.0516423 0
641 0.0164032 0.0516382 0
642 0.0163859 0.0516341 0
643 0.0163686 0.05163 0
644 0.0163514 0.0516259 0
645 0.0163343 0.0516218 0
646 0.0163172 0.0516177 0
647 0.0163002 0.0516136 0
648 0.0162832 0.0516095 0
649 0.0162663 0.0516054 0
650 0.0162495 0.0516014 0
651 0.0162327 0.0515973 0
652 0.0162159 0.0515932 0
653 0.0161992 0.0515892 0
654 0.0161826 0.0515852 0
655 0.016166 0.0515811 0
656 0.0161495 0.0515771 0
657 0.0161331 0.0515731 0
658 0.0161167 0.0515692 0
659 0.0161003 0.0515652 0
660 0.016084 0.0515612 0
661 0.0160678 0.0515573 0
662 0.0160516 0.0515534 0
663 0.0160355 0.0515495 0
664 0.0160194 0.0515456 0
665 0.0160034 0.0515417 0
666 0.0159874 0.0515378 0
667 0.0159715 0.051534 0
668 0.0159556 0.0515302 0
669 0.0159398 0.0515264 0
670 0.015924 0.0515226 0
671 0.0159083 0.0515188 0
672 0.0158927 0.0515151 0
673 0.0158771 0.0515114 0
674 0.0158615 0.0515076 0
675 0.015846 0.0515039 0
676 0.0158305 0.0515003 0
677 0.0158151 0.0514966 0
678 0.0157997 0.051493 0
679 0.0157844 0.0514894 0
680 0.0157691 0.0514858 0
681 0.0157539 0.0514822 0
682 0.0157388 0.0514786 0
683 0.0157236 0.0514751 0
684 0.0157085 0.0514716 0
685 0.0156935 0.051468 0
686 0.0156785 0.0514646 0
687 0.0156636 0.0514611 0
688 0.0156487 0.0514576 0
689 0.0156338 0.0514542 0
690 0.015619 0.0514508 0
691 0.0156042 0.0514474 0
692 0.0155895 0.051444 0
693 0.0155748 0.0514406 0
694 0.0155602 0.0514373 0
695 0.0155456 0.051434 0
696 0.015531 0.0514307 0
697 0.0155165 0.0514274 0
698 0.015502 0.0514241 0
699 0.0154876 0.0514208 0
700 0.0154732 0.0514176 0
701 0.0154588 0.0514143 0
702 0.0154445 0.0514111 0
703 0.0154302 0.0514079 0
704 0.015416 0.0514047 0
705 0.0154018 0.0514016 0
706 0.0153876 0.0513984 0
707 0.0153735 0.0513953 0
708 0.0153594 0.0513921 0
709 0.0153453 0.051389 0
710 0.0153313 0.0513859 0
711 0.0153173 0.0513829 0
712 0.0153033 0.0513798 0
713 0.0152894 0.0513768 0
714 0.0152755 0.0513737 0
715 0.0152617 0.0513707 0
716 0.0152478 0.0513677 0
717 0.0152341 0.0513647 0
718 0.0152203 0.0513618 0
719 0.0152066 0.0513588 0
720 0.0151929 0.0513559 0
721 0.0151792 0.051353 0
722 0.0151656 0.0513501 0
723 0.015152 0.0513472 0
724 0.0151384 0.0513443 0
725 0.0151248 0.0513414 0
726 0.0151113 0.0513386 0
727 0.0150978 0.0513358 0
728 0.0150844 0.051333 0
729 0.0150709 0.0513302 0
730 0.0150575 0.0513274 0
731 0.0150441 0.0513246 0
732 0.0150308 0.0513219 0
733 0.0150174 0.0513192 0
734 0.0150041 0.0513165 0
735 0.0149908 0.0513138 0
736 0.0149776 0.0513111 0
737 0.0149643 0.0513084 0
738 0.0149511 0.0513058 0
739 0.0149379 0.0513032 0
740 0.0149247 0.0513006 0
741 0.0149116 0.051298 0
742 0.0148984 0.0512954 0
743 0.0148853 0.0512929 0
744 0.0148722 0.0512903 0
745 0.0148592 0.0512878 0
746 0.0148461 0.0512853 0
747 0.0148331 0.0512828 0
748 0.0148201 0.0512804 0
749 0.0148071 0.0512779 0
750 0.0147941 0.0512755 0
751 0.0147811 0.0512731 0
752 0.0147682 0.0512707 0
753 0.0147552 0.0512684 0
754 0.0147423 0.051266 0
755 0.0147294 0.0512637 0
756 0.0147165 0.0512614 0
757 0.0147037 0.0512591 0
758 0.0146908 0.0512569 0
759 0.014678 0.0512546 0
760 0.0146651 0.0512524 0
761 0.0146523 0.0512502 0
762 0.0146395 0.051248 0
763 0.0146267 0.0512458 0
764 0.014614 0.0512437 0
765 0.0146012 0.0512416 0
766 0.0145885 0.0512395 0
767 0.0145757 0.0512374 0
768 0.014563 0.0512354 0
769 0.0145503 0.0512333 0
770 0.0145376 0.0512313 0
771 0.0145249 0.0512293 0
772 0.0145123 0.0512274 0
773 0.0144996 0.0512254 0
774 0.0144869 0.0512235 0
775 0.0144743 0.0512216 0
776 0.0144617 0.0512197 0
777 0.014449 0.0512179 0
778 0.0144364 0.0512161 0
779 0.0144238 0.0512143 0
780 0.0144112 0.0512125 0
781 0.0143987 0.0512108 0
782 0.0143861 0.051209 0
783 0.0143735 0.0512073 0
784 0.014361 0.0512057 0
785 0.0143484 0.051204 0
786 0.0143359 0.0512024 0
787 0.0143234 0.0512008 0
788 0.0143108 0.0511992 0
789 0.0142983 0.0511977 0
790 0.0142858 0.0511962 0
791 0.0142733 0.0511947 0
792 0.0142609 0.0511933 0
793 0.0142484 0.0511918 0
794 0.0142359 0.0511905 0
795 0.0142234 0.0511891 0
796 0.014211 0.0511878 0
797 0.0141985 0.0511865 0
798 0.0141861 0.0511852 0
799 0.0141736 0.051184 0
800 0.0141612 0.0511828 0
801 0.0141488 0.0511816 0
802 0.0141363 0.0511805 0
803 0.0141239 0.0511794 0
804 0.0141115 0.0511783 0
805 0.0140991 0.0511773 0
806 0.0140867 0.0511763 0
807 0.0140743 0.0511753 0
808 0.0140619 0.0511744 0
809 0.0140495 0.0511735 0
810 0.0140371 0.0511727 0
811 0.0140247 0.0511719 0
812 0.0140123 0.0511711 0
813 0.0139999 0.0511704 0
814 0.0139875 0.0511697 0
815 0.0139751 0.051169 0
816 0.0139627 0.0511684 0
817 0.0139503 0.0511678 0
818 0.013938 0.0511673 0
819 0.0139256 0.0511668 0
820 0.0139132 0.0511664 0
821 0.0139008 0.051166 0
822 0.0138884 0.0511657 0
823 0.013876 0.0511654 0
824 0.0138636 0.0511651 0
825 0.0138512 0.0511649 0
826 0.0138388 0.0511647 0
827 0.0138264 0.0511646 0
828 0.013814 0.0511645 0
829 0.0138016 0.0511645 0
830 0.0137891 0.0511645 0
831 0.0137767 0.0511646 0
832 0.0137643 0.0511647 0
833 0.0137518 0.0511648 0
834 0.0137394 0.051165 0
835 0.013727 0.0511653 0
836 0.0137145 0.0511656 0
837 0.013702 0.0511659 0
838 0.0136896 0.0511663 0
839 0.0136771 0.0511668 0
840 0.0136646 0.0511673 0
841 0.0136521 0.0511678 0
842 0.0136396 0.0511684 0
843 0.0136271 0.051169 0
844 0.0136146 0.0511697 0
845 0.0136021 0.0511704 0
846 0.0135896 0.0511712 0
847 0.0135771 0.051172 0
848 0.0135645 0.0511728 0
849 0.013552 0.0511737 0
850 0.0135395 0.0511747 0
851 0.013527 0.0511756 0
852 0.0135144 0.0511766 0
853 0.0135019 0.0511777 0
854 0.0134894 0.0511788 0
855 0.0134769 0.0511799 0
856 0.0134644 0.0511811 0
857 0.0134519 0.0511823 0
858 0.0134394 0.0511835 0
859 0.0134269 0.0511847 0
860 0.0134144 0.051186 0
861 0.013402 0.0511873 0
862 0.0133895 0.0511887 0
863 0.0133771 0.05119 0
864 0.0133647 0.0511914 0
865 0.0133523 0.0511928 0
866 0.01334 0.0511942 0
867 0.0133276 0.0511957 0
868 0.0133153 0.0511971 0
869 0.013303 0.0511986 0
870 0.0132907 0.0512001 0
871 0.0132784 0.0512015 0
872 0.0132662 0.051203 0
873 0.013254 0.0512045 0
874 0.0132418 0.051206 0
875 0.0132297 0.0512075 0
876 0.0132176 0.051209 0
877 0.0132055 0.0512105 0
878 0.0131934 0.051212 0
879 0.0131814 0.0512135 0
880 0.0131693 0.051215 0
881 0.0131574 0.0512164 0
882 0.0131454 0.0512179 0
883 0.0131335 0.0512193 0
884 0.0131216 0.0512208 0
885 0.0131097 0.0512222 0
886 0.0130978 0.0512236 0
887 0.013086 0.051225 0
888 0.0130742 0.0512263 0
889 0.0130624 0.0512277 0
890 0.0130507 0.051229 0
891 0.0130389 0.0512303 0
892 0.0130272 0.0512316 0
893 0.0130156 0.0512328 0
894 0.0130039 0.0512341 0
895 0.0129923 0.0512353 0
896 0.0129807 0.0512365 0
897 0.0129691 0.0512376 0
898 0.0129575 0.0512388 0
899 0.012946 0.0512399 0
900 0.0129345 0.0512409 0
901 0.012923 0.051242 0
902 0.0129115 0.051243 0
903 0.0129 0.051244 0
904 0.0128886 0.0512449 0
905 0.0128772 0.0512459 0
906 0.0128658 0.0512468 0
907 0.0128544 0.0512477 0
908 0.012843 0.0512485 0
909 0.0128317 0.0512493 0
910 0.0128204 0.0512501 0
911 0.012809 0.0512509 0
912 0.0127978 0.0512516 0
913 0.0127865 0.0512523 0
914 0.0127752 0.051253 0
915 0.012764 0.0512536 0
916 0.0127527 0.0512542 0
917 0.0127415 0.0512548 0
918 0.0127303 0.0512554 0
919 0.0127191 0.0512559 0
920 0.0127079 0.0512564 0
921 0.0126967 0.0512569 0
922 0.0126856 0.0512573 0
923 0.0126744 0.0512577 0
924 0.0126633 0.0512581 0
925 0.0126521 0.0512585 0
926 0.012641 0.0512588 0
927 0.0126299 0.0512592 0
928 0.0126188 0.0512594 0
929 0.0126077 0.0512597 0
930 0.0125966 0.05126 0
931 0.0125856 0.0512602 0
932 0.0125745 0.0512604 0
933 0.0125634 0.0512605 0
934 0.0125524 0.0512607 0
935 0.0125413 0.0512608 0
936 0.0125303 0.0512609 0
937 0.0125193 0.051261 0
938 0.0125082 0.051261 0
939 0.0124972 0.0512611 0
940 0.0124862 0.0512611 0
941 0.0124752 0.0512611 0
942 0.0124642 0.0512611 0
943 0.0124532 0.051261 0
944 0.0124422 0.0512609 0
945 0.0124312 0.0512609 0
946 0.0124202 0.0512607 0
947 0.0124092 0.0512606 0
948 0.0123982 0.0512605 0
949 0.0123872 0.0512603 0
950 0.0123762 0.0512601 0
951 0.0123653 0.0512599 0
952 0.0123543 0.0512596 0
953 0.0123433 0.0512594 0
954 0.0123323 0.0512591 0
955 0.0123213 0.0512588 0
956 0.0123104 0.0512585 0
957 0.0122994 0.0512581 0
958 0.0122884 0.0512577 0
959 0.0122775 0.0512574 0
960 0.0122665 0.0512569 0
961 0.0122555 0.0512565 0
962 0.0122446 0.051256 0
963 0.0122336 0.0512555 0
964 0.0122227 0.051255 0
965 0.0122117 0.0512544 0
966 0.0122008 0.0512538 0
967 0.0121899 0.0512532 0
968 0.0121789 0.0512525 0
969 0.012168 0.0512518 0
970 0.0121571 0.0512511 0
971 0.0121462 0.0512504 0
972 0.0121354 0.0512496 0
973 0.0121245 0.0512487 0
974 0.0121136 0.0512479 0
975 0.0121028 0.051247 0
976 0.012092 0.0512461 0
977 0.0120811 0.0512451 0
978 0.0120703 0.0512441 0
979 0.0120596 0.0512431 0
980 0.0120488 0.051242 0
981 0.012038 0.0512409 0
982 0.0120273 0.0512398 0
983 0.0120165 0.0512386 0
984 0.0120058 0.0512374 0
985 0.0119951 0.0512362 0
986 0.0119844 0.051235 0
987 0.0119738 0.0512337 0
988 0.0119631 0.0512325 0
989 0.0119524 0.0512312 0
990 0.0119418 0.0512299 0
991 0.0119312 0.0512285 0
992 0.0119206 0.0512272 0
993 0.0119099 0.0512258 0
994 0.0118994 0.0512245 0
995 0.0118888 0.0512231 0
996 0.0118782 0.0512217 0
997 0.0118677 0.0512204 0
998 0.0118571 0.051219 0
999 0.0118466 0.0512176 0
