0 0.080689 0.063641 0.0593914
1 0.0804322 0.0633493 0.059215
2 0.0803461 0.0631875 0.0591476
3 0.080306 0.0630921 0.0591048
4 0.0802711 0.0630448 0.0590899
5 0.0802426 0.0630183 0.0590877
6 0.0802214 0.0630029 0.0590928
7 0.0802038 0.0629983 0.0591068
8 0.0801879 0.0630047 0.0591311
9 0.0801761 0.0630169 0.0591607
10 0.0801691 0.0630312 0.0591918
11 0.080165 0.0630482 0.0592238
12 0.0801608 0.0630705 0.0592575
13 0.0801537 0.0631039 0.0592974
14 0.0801406 0.063156 0.059351
15 0.0801187 0.0632349 0.0594263
16 0.0800863 0.0633451 0.0595273
17 0.0800446 0.0634805 0.0596475
18 0.0799971 0.063631 0.0597766
19 0.079945 0.0637979 0.0599155
20 0.0798885 0.0639852 0.0600678
21 0.0798318 0.0641768 0.0602201
22 0.0797823 0.0643386 0.0603449
23 0.0797435 0.064454 0.0604303
24 0.0797137 0.0645322 0.0604856
25 0.0796895 0.0645895 0.0605249
26 0.0796686 0.064638 0.0605583
27 0.0796491 0.0646851 0.0605918
28 0.07963 0.0647354 0.0606291
29 0.0796104 0.0647917 0.0606725
30 0.0795898 0.0648565 0.0607236
31 0.0795675 0.0649316 0.0607841
32 0.079543 0.0650193 0.0608559
33 0.0795153 0.0651227 0.0609415
34 0.0794834 0.0652464 0.0610448
35 0.0794459 0.0653945 0.0611694
36 0.0794025 0.0655668 0.0613147
37 0.0793561 0.0657498 0.0614692
38 0.0793124 0.0659208 0.0616144
39 0.0792754 0.0660663 0.0617396
40 0.0792452 0.0661851 0.0618437
41 0.0792204 0.0662806 0.0619287
42 0.0791998 0.0663571 0.0619977
43 0.0791821 0.0664186 0.0620541
44 0.0791666 0.0664685 0.0621008
45 0.0791527 0.0665099 0.0621406
46 0.07914 0.0665452 0.0621759
47 0.0791279 0.0665769 0.0622084
48 0.0791161 0.0666066 0.0622397
49 0.0791045 0.0666358 0.0622709
50 0.0790927 0.0666654 0.0623027
51 0.0790806 0.0666962 0.0623358
52 0.0790682 0.0667289 0.0623705
53 0.0790553 0.0667639 0.0624071
54 0.079042 0.0668015 0.0624457
55 0.0790282 0.0668417 0.0624863
56 0.079014 0.0668844 0.0625287
Salida porque no mejora el error de validación!!
