0 0.0794697 0.0668301 0.0671868
1 0.079142 0.0670872 0.0674986
2 0.0790218 0.067296 0.0677141
3 0.0789582 0.0674333 0.0678455
4 0.0789163 0.067525 0.0679265
5 0.0788851 0.0675918 0.0679805
6 0.0788601 0.0676464 0.0680213
7 0.0788394 0.0676956 0.0680563
8 0.0788216 0.0677429 0.0680895
9 0.0788061 0.0677898 0.0681226
10 0.0787923 0.0678368 0.0681565
11 0.0787798 0.0678841 0.0681913
12 0.0787684 0.0679313 0.0682271
13 0.0787579 0.0679785 0.0682636
14 0.078748 0.0680254 0.0683009
15 0.0787388 0.068072 0.0683386
16 0.07873 0.068118 0.0683768
17 0.0787217 0.0681635 0.0684153
18 0.0787137 0.0682083 0.0684539
19 0.0787061 0.0682525 0.0684927
20 0.0786988 0.0682958 0.0685315
21 0.0786918 0.0683383 0.0685702
22 0.078685 0.0683799 0.0686087
23 0.0786786 0.0684205 0.0686468
24 0.0786723 0.06846 0.0686845
25 0.0786664 0.0684984 0.0687216
26 0.0786606 0.0685356 0.068758
27 0.0786551 0.0685716 0.0687937
28 0.0786497 0.0686063 0.0688284
29 0.0786445 0.0686397 0.0688622
30 0.0786396 0.0686719 0.0688949
31 0.0786347 0.0687027 0.0689266
32 0.07863 0.0687322 0.0689572
33 0.0786254 0.0687605 0.0689866
34 0.0786209 0.0687876 0.0690149
35 0.0786166 0.0688134 0.069042
36 0.0786123 0.0688382 0.0690681
37 0.078608 0.0688618 0.0690932
38 0.0786038 0.0688845 0.0691172
39 0.0785997 0.0689063 0.0691403
40 0.0785956 0.0689273 0.0691625
41 0.0785914 0.0689475 0.069184
42 0.0785873 0.068967 0.0692047
43 0.0785832 0.0689859 0.0692248
44 0.0785791 0.0690043 0.0692443
45 0.078575 0.0690223 0.0692634
46 0.0785708 0.06904 0.0692821
47 0.0785665 0.0690574 0.0693005
48 0.0785623 0.0690747 0.0693186
49 0.0785579 0.0690918 0.0693367
50 0.0785536 0.069109 0.0693546
Salida porque no mejora el error de validación!!
