0 0.0698156 0.0545112 0.0429514
1 0.0715057 0.0615275 0.047048
2 0.0726559 0.0650812 0.0495138
3 0.0731413 0.0664932 0.0505072
4 0.0732737 0.0669051 0.0507649
5 0.0732483 0.0668857 0.0507023
6 0.0731578 0.0666883 0.0505098
7 0.0730431 0.0664225 0.0502699
8 0.0729214 0.0661354 0.0500176
9 0.0728003 0.0658469 0.0497676
10 0.0726826 0.0655657 0.0495257
11 0.0725696 0.0652949 0.0492943
12 0.0724615 0.065036 0.0490739
13 0.0723585 0.064789 0.0488644
14 0.0722604 0.0645538 0.0486655
15 0.072167 0.0643298 0.0484767
16 0.0720781 0.0641166 0.0482975
17 0.0719934 0.0639136 0.0481272
18 0.0719127 0.0637201 0.0479652
19 0.0718357 0.0635355 0.0478111
20 0.0717623 0.0633591 0.0476641
21 0.0716922 0.0631905 0.0475239
22 0.0716251 0.0630289 0.0473899
23 0.071561 0.0628739 0.0472616
24 0.0714996 0.0627248 0.0471386
25 0.0714407 0.0625812 0.0470204
26 0.0713842 0.0624426 0.0469068
27 0.07133 0.0623085 0.0467973
28 0.0712779 0.0621786 0.0466917
29 0.0712277 0.0620523 0.0465896
30 0.0711795 0.0619294 0.0464908
31 0.071133 0.0618096 0.0463951
32 0.0710881 0.0616923 0.0463022
33 0.0710449 0.0615775 0.046212
34 0.0710031 0.0614648 0.0461243
35 0.0709627 0.061354 0.0460389
36 0.0709237 0.0612447 0.0459557
37 0.0708859 0.0611368 0.0458745
38 0.0708494 0.0610301 0.0457952
39 0.0708139 0.0609244 0.0457177
40 0.0707795 0.0608194 0.0456418
41 0.0707462 0.0607149 0.0455674
42 0.0707138 0.0606109 0.0454945
43 0.0706823 0.0605072 0.0454228
44 0.0706516 0.0604036 0.0453524
45 0.0706218 0.0602999 0.045283
46 0.0705927 0.0601961 0.0452146
47 0.0705643 0.0600921 0.0451472
48 0.0705366 0.0599877 0.0450805
49 0.0705095 0.0598829 0.0450145
50 0.0704831 0.0597777 0.0449492
Salida porque no mejora el entrenamiento!!
Salida porque no mejora el error de validación!!
